%YAML:1.0
camera_matrix: !!opencv-matrix
   rows: 3
   cols: 3
   dt: d
   data: [ 7.9169643137260482e+02, 0., 3.4365813917179685e+02, 0.,
       7.9072764407532009e+02, 2.2578551491270173e+02, 0., 0., 1. ]
image_width: 640
image_height: 480
sensor_width: 0
sensor_height: 0
distortion_coefficients: !!opencv-matrix
   rows: 5
   cols: 1
   dt: d
   data: [ -4.2977320389186766e-02, -8.1360412554115824e-01,
       -1.2887002443010077e-04, 1.3217599677776455e-02,
       6.3595647860959676e+00 ]
reprojection_error: 4.8441633582115173e-01
