%YAML:1.0
cameraMatrix: !!opencv-matrix
   rows: 3
   cols: 3
   dt: d
   data: [ 5.3260901101183595e+02, 0., 3.1201511997225606e+02, 0.,
       5.3183666450396152e+02, 2.6171924582688962e+02, 0., 0., 1. ]
imageSize_width: 640
imageSize_height: 480
sensorSize_width: 0
sensorSize_height: 0
distCoeffs: !!opencv-matrix
   rows: 5
   cols: 1
   dt: d
   data: [ 2.6668373655508920e-01, -7.3630503959550664e-01,
       -8.5400667991003282e-03, 7.0459346046407145e-03,
       6.3457332816091983e-01 ]
reprojectionError: 4.2810618877410889e-01
features:
   - [ 2.12821854e+02, 3.39474274e+02, 2.09188950e+02, 3.15553314e+02,
       2.05578430e+02, 2.92671051e+02, 2.02349030e+02, 2.71058380e+02,
       1.98855453e+02, 2.50194992e+02, 1.95482681e+02, 2.29910751e+02,
       1.92397034e+02, 2.10669281e+02, 2.37523224e+02, 3.31784515e+02,
       2.33491379e+02, 3.08155029e+02, 2.29379349e+02, 2.85449585e+02,
       2.25440079e+02, 2.63785187e+02, 2.21552811e+02, 2.43029297e+02,
       2.17622391e+02, 2.22839569e+02, 2.14036575e+02, 2.03607590e+02,
       2.62490784e+02, 3.24257690e+02, 2.57542328e+02, 3.00446930e+02,
       2.53171997e+02, 2.78161224e+02, 2.48676056e+02, 2.56648407e+02,
       2.44309952e+02, 2.35889557e+02, 2.40050339e+02, 2.15793640e+02,
       2.35718277e+02, 1.96235382e+02, 2.87404907e+02, 3.16568665e+02,
       2.81777618e+02, 2.92986176e+02, 2.76936707e+02, 2.70767609e+02,
       2.71959473e+02, 2.49431686e+02, 2.67299377e+02, 2.28781113e+02,
       2.62508850e+02, 2.08752975e+02, 2.57875793e+02, 1.89325012e+02,
       3.12384338e+02, 3.08852478e+02, 3.06442993e+02, 2.85359650e+02,
       3.00635620e+02, 2.62934235e+02, 2.95225006e+02, 2.41395630e+02,
       2.89863892e+02, 2.20923691e+02, 2.84883087e+02, 2.01166351e+02,
       2.80197723e+02, 1.82363190e+02, 3.37721069e+02, 3.01083099e+02,
       3.31128906e+02, 2.77639191e+02, 3.24883606e+02, 2.55322556e+02,
       3.18900909e+02, 2.33877502e+02, 3.13214874e+02, 2.13420959e+02,
       3.07664886e+02, 1.93751129e+02, 3.02464020e+02, 1.74659698e+02,
       3.63534851e+02, 2.93076569e+02, 3.56469543e+02, 2.69700775e+02,
       3.49571747e+02, 2.47622131e+02, 3.43136505e+02, 2.26264038e+02,
       3.36905762e+02, 2.05740250e+02, 3.30829773e+02, 1.85896790e+02,
       3.25164062e+02, 1.66814346e+02, 3.89942108e+02, 2.84941223e+02,
       3.82032806e+02, 2.61690552e+02, 3.74637634e+02, 2.39337036e+02,
       3.67557129e+02, 2.18148392e+02, 3.60791046e+02, 1.97489853e+02,
       3.54274231e+02, 1.77851242e+02, 3.47941162e+02, 1.58331757e+02,
       4.16621216e+02, 2.76730103e+02, 4.08047913e+02, 2.53211502e+02,
       3.99883698e+02, 2.30959335e+02, 3.92274170e+02, 2.09441544e+02,
       3.84943604e+02, 1.89121155e+02, 3.77808685e+02, 1.69156937e+02,
       3.71221191e+02, 1.50417755e+02, 4.44005585e+02, 2.68166443e+02,
       4.34682678e+02, 2.44718948e+02, 4.25911194e+02, 2.22237930e+02,
       4.17639130e+02, 2.00914993e+02, 4.09689331e+02, 1.80287674e+02,
       4.02027130e+02, 1.60557770e+02, 3.94837067e+02, 1.41513611e+02 ]
   - [ 2.52774139e+02, 3.56978333e+02, 2.39225082e+02, 3.30345123e+02,
       2.26287415e+02, 3.04586853e+02, 2.13435379e+02, 2.80049683e+02,
       2.01032059e+02, 2.56272949e+02, 1.89010971e+02, 2.32830444e+02,
       1.77128662e+02, 2.10437439e+02, 2.77910339e+02, 3.46729858e+02,
       2.64472198e+02, 3.21269501e+02, 2.51439789e+02, 2.96575989e+02,
       2.38902557e+02, 2.72805511e+02, 2.26458954e+02, 2.49822617e+02,
       2.14500519e+02, 2.27252884e+02, 2.02669373e+02, 2.05487976e+02,
       3.01468933e+02, 3.37315460e+02, 2.88268677e+02, 3.12444214e+02,
       2.75071655e+02, 2.89049591e+02, 2.62530151e+02, 2.66160217e+02,
       2.50328506e+02, 2.43838547e+02, 2.38247635e+02, 2.22075180e+02,
       2.26735794e+02, 2.00552811e+02, 3.23764496e+02, 3.28378448e+02,
       3.10496765e+02, 3.04464050e+02, 2.97326996e+02, 2.81773743e+02,
       2.84784058e+02, 2.59758270e+02, 2.72630737e+02, 2.38380142e+02,
       2.60615509e+02, 2.17360947e+02, 2.49157043e+02, 1.96456314e+02,
       3.44895020e+02, 3.19854492e+02, 3.31497772e+02, 2.96784241e+02,
       3.18662659e+02, 2.74624420e+02, 3.06243195e+02, 2.53119034e+02,
       2.94058197e+02, 2.32391602e+02, 2.81975647e+02, 2.12164215e+02,
       2.70262146e+02, 1.92713501e+02, 3.64880676e+02, 3.11859131e+02,
       3.51494476e+02, 2.89635742e+02, 3.38583649e+02, 2.68099884e+02,
       3.26361145e+02, 2.47358658e+02, 3.14024109e+02, 2.27221710e+02,
       3.02201416e+02, 2.07652191e+02, 2.90517517e+02, 1.88496124e+02,
       3.84264465e+02, 3.04202362e+02, 3.70784637e+02, 2.82690369e+02,
       3.57719604e+02, 2.62044586e+02, 3.45339081e+02, 2.41790771e+02,
       3.33244629e+02, 2.22380508e+02, 3.21483490e+02, 2.03193558e+02,
       3.10131866e+02, 1.84444550e+02, 4.02638641e+02, 2.96795074e+02,
       3.89188416e+02, 2.76009247e+02, 3.76324615e+02, 2.55768982e+02,
       3.63914612e+02, 2.36345245e+02, 3.51890076e+02, 2.17124222e+02,
       3.40089813e+02, 1.98630035e+02, 3.28827423e+02, 1.79907501e+02,
       4.20202301e+02, 2.89846924e+02, 4.06961548e+02, 2.69351288e+02,
       3.94060852e+02, 2.49821564e+02, 3.81788788e+02, 2.30586319e+02,
       3.69646637e+02, 2.12240692e+02, 3.57990204e+02, 1.93716614e+02,
       3.46472565e+02, 1.76457016e+02, 4.37187042e+02, 2.83045441e+02,
       4.23842163e+02, 2.63249603e+02, 4.11157898e+02, 2.43947876e+02,
       3.98780945e+02, 2.25406677e+02, 3.86789551e+02, 2.07280518e+02,
       3.75082916e+02, 1.89582977e+02, 3.63648407e+02, 1.72191467e+02 ]
   - [ 2.53070465e+02, 3.62707153e+02, 2.38314941e+02, 3.34029755e+02,
       2.23371948e+02, 3.05237061e+02, 2.07882782e+02, 2.76217346e+02,
       1.92177292e+02, 2.46737228e+02, 1.76234116e+02, 2.16580978e+02,
       1.59772110e+02, 1.86167389e+02, 2.76030701e+02, 3.46553864e+02,
       2.61829102e+02, 3.19196899e+02, 2.47482742e+02, 2.91359833e+02,
       2.33162399e+02, 2.63336365e+02, 2.18182343e+02, 2.35011475e+02,
       2.03089310e+02, 2.05871155e+02, 1.87548126e+02, 1.76420135e+02,
       2.97161469e+02, 3.31839081e+02, 2.84059082e+02, 3.05174530e+02,
       2.70082397e+02, 2.78536377e+02, 2.56330383e+02, 2.51514984e+02,
       2.42251450e+02, 2.24113831e+02, 2.27706329e+02, 1.95922684e+02,
       2.13458588e+02, 1.67233444e+02, 3.17018341e+02, 3.18193298e+02,
       3.04363403e+02, 2.92384857e+02, 2.90976227e+02, 2.66604584e+02,
       2.77810608e+02, 2.40452179e+02, 2.64417542e+02, 2.13953827e+02,
       2.50611343e+02, 1.86888000e+02, 2.36976578e+02, 1.58990005e+02,
       3.35901001e+02, 3.05384308e+02, 3.23465240e+02, 2.80332733e+02,
       3.11157562e+02, 2.55271332e+02, 2.98567749e+02, 2.29781006e+02,
       2.85694885e+02, 2.04157867e+02, 2.72443115e+02, 1.77816360e+02,
       2.58757690e+02, 1.51452332e+02, 3.53384338e+02, 2.93201782e+02,
       3.41474091e+02, 2.69131683e+02, 3.29529724e+02, 2.44650818e+02,
       3.17582642e+02, 2.20078812e+02, 3.05043121e+02, 1.94982788e+02,
       2.92459015e+02, 1.69690094e+02, 2.79583893e+02, 1.43723755e+02,
       3.70384979e+02, 2.81899048e+02, 3.58732239e+02, 2.58379395e+02,
       3.46927094e+02, 2.34786118e+02, 3.35408569e+02, 2.10715912e+02,
       3.23513031e+02, 1.86489548e+02, 3.11491608e+02, 1.61667511e+02,
       2.99468719e+02, 1.36556992e+02, 3.86449646e+02, 2.71129059e+02,
       3.75197174e+02, 2.48283646e+02, 3.64027435e+02, 2.25071259e+02,
       3.52712006e+02, 2.01854767e+02, 3.41461029e+02, 1.78100601e+02,
       3.29763855e+02, 1.54159042e+02, 3.18570129e+02, 1.29330322e+02,
       4.01622955e+02, 2.60943329e+02, 3.91090271e+02, 2.38550354e+02,
       3.80104919e+02, 2.16104172e+02, 3.69481476e+02, 1.93173203e+02,
       3.58285706e+02, 1.70241943e+02, 3.47472260e+02, 1.46533508e+02,
       3.35814484e+02, 1.23064461e+02, 4.16398285e+02, 2.51222702e+02,
       4.05968597e+02, 2.29425735e+02, 3.95569427e+02, 2.07238678e+02,
       3.85148407e+02, 1.85059891e+02, 3.74610718e+02, 1.62488907e+02,
