%YAML:1.0
R: !!opencv-matrix
   rows: 3
   cols: 3
   dt: d
   data: [ 9.9576711298909326e-01, -1.5918936035748545e-02,
       -9.0523169215710159e-02, -5.3486843386020546e-03,
       9.7318184469674596e-01, -2.2997497413519749e-01,
       9.1756461708221632e-02, 2.2948569591181170e-01,
       9.6897733054321722e-01 ]
T: !!opencv-matrix
   rows: 3
   cols: 1
   dt: d
   data: [ 7.9539104469801929e+00, 4.0874134097179056e+00,
       1.4356184167697374e+00 ]
