%YAML:1.0
R: !!opencv-matrix
   rows: 3
   cols: 3
   dt: d
   data: [ 9.9774074298226023e-01, 1.5559439594694224e-02,
       6.5355287718028204e-02, -1.6581171657077155e-02,
       9.9974818953288314e-01, 1.5120260321861305e-02,
       -6.5103567795365302e-02, -1.6169767011969399e-02,
       9.9774749515851591e-01 ]
T: !!opencv-matrix
   rows: 3
   cols: 1
   dt: d
   data: [ -8.0686243539045588e+00, -4.6082687981467974e+00,
       2.1719850104137831e-01 ]
