%YAML:1.0
R: !!opencv-matrix
   rows: 3
   cols: 3
   dt: d
   data: [ 9.9774072672999115e-01, -1.6581213393896177e-02,
       -6.5103806238154829e-02, 1.5559451099970414e-02,
       9.9974818276233479e-01, -1.6170174546891153e-02,
       6.5355533092284993e-02, 1.5120662214181462e-02,
       9.9774747299526034e-01 ]
T: !!opencv-matrix
   rows: 3
   cols: 1
   dt: d
   data: [ 7.9881364218125546e+00, 4.7361833557472384e+00,
       3.8030064160074745e-01 ]
