%YAML:1.0
camera_matrix: !!opencv-matrix
   rows: 3
   cols: 3
   dt: d
   data: [ 7.8973831689500525e+02, 0., 3.3223457536590689e+02, 0.,
       7.8985134377223346e+02, 2.3660600735976783e+02, 0., 0., 1. ]
image_width: 640
image_height: 480
sensor_width: 0
sensor_height: 0
distortion_coefficients: !!opencv-matrix
   rows: 5
   cols: 1
   dt: d
   data: [ -1.3236205919836860e-01, 1.1775251394720938e+00,
       5.1932803412535469e-03, 9.4317479768921617e-03,
       -5.9522088924877581e+00 ]
reprojection_error: 4.3830668926239014e-01
