%YAML:1.0
camera_matrix: !!opencv-matrix
   rows: 3
   cols: 3
   dt: d
   data: [ 5.3647027247759479e+02, 0., 3.1523733353638875e+02, 0.,
       5.3436399062039084e+02, 2.6411444749175774e+02, 0., 0., 1. ]
image_width: 640
image_height: 480
sensor_width: 0
sensor_height: 0
distortion_coefficients: !!opencv-matrix
   rows: 5
   cols: 1
   dt: d
   data: [ 2.9680242948710112e-01, -7.5427730038039076e-01,
       -6.7563290732991733e-03, 1.5321405610624561e-02,
       3.4640743494065540e-01 ]
reprojection_error: 3.3014786243438721e-01
