%YAML:1.0
camera_matrix: !!opencv-matrix
   rows: 3
   cols: 3
   dt: d
   data: [ 5.3706870244717425e+02, 0., 3.0920655476634869e+02, 0.,
       5.3687159756150811e+02, 2.7076384004299928e+02, 0., 0., 1. ]
image_width: 640
image_height: 480
sensor_width: 0
sensor_height: 0
distortion_coefficients: !!opencv-matrix
   rows: 5
   cols: 1
   dt: d
   data: [ 2.5853006220633207e-01, -8.5553063151456354e-01,
       -6.5651607990449654e-04, 5.8037595593929325e-03,
       1.5347136744943566e+00 ]
reprojection_error: 3.0466628074645996e-01
