%YAML:1.0
proj_intrinsics: !!opencv-matrix
   rows: 3
   cols: 3
   dt: d
   data: [ 2.7382323883579534e+03, 0., 4.5066616652905287e+02, 0.,
       2.5835662678736376e+03, 6.0578434131749441e+02, 0., 0., 1. ]
proj_distortion: !!opencv-matrix
   rows: 1
   cols: 5
   dt: d
   data: [ 0., 0., 0., 0., 0. ]
R: !!opencv-matrix
   rows: 3
   cols: 3
   dt: d
   data: [ 9.9905689171696732e-01, -3.9944317163170914e-02,
       -1.7022885748301630e-02, 4.0413039866190346e-02,
       9.9878664190570432e-01, 2.8143030389423083e-02,
       1.5878076760282737e-02, -2.8804435024736924e-02,
       9.9945894923268375e-01 ]
T: !!opencv-matrix
   rows: 3
   cols: 1
   dt: d
   data: [ 1.7014970057976711e-03, -3.5817039454615208e-02,
       5.0650356456930494e-02 ]
proj_size: !!opencv-matrix
   rows: 1
   cols: 2
   dt: i
   data: [ 1280, 768 ]
