%YAML:1.0
proj_intrinsics: !!opencv-matrix
   rows: 3
   cols: 3
   dt: d
   data: [ 1.4262153343815039e+03, 0., 4.9754966357694775e+02, 0.,
       1.4281453465820114e+03, 7.8786715400190985e+02, 0., 0., 1. ]
proj_distortion: !!opencv-matrix
   rows: 1
   cols: 5
   dt: d
   data: [ 0., 0., 0., 0., 0. ]
R: !!opencv-matrix
   rows: 3
   cols: 3
   dt: d
   data: [ 9.9937393154138221e-01, 8.7354346550660685e-04,
       3.5369222175989493e-02, -7.8443102778310257e-03,
       9.8028484917250625e-01, 1.9743373895842034e-01,
       -3.4499445673601060e-02, -1.9758757907482549e-01,
       9.7967797609396312e-01 ]
T: !!opencv-matrix
   rows: 3
   cols: 1
   dt: d
   data: [ -2.9948881413589628e-02, 8.4407963557092319e-02,
       -5.4953020980048287e-04 ]
proj_size: !!opencv-matrix
   rows: 1
   cols: 2
   dt: i
   data: [ 1024, 768 ]
