%YAML:1.0
R: !!opencv-matrix
   rows: 3
   cols: 3
   dt: d
   data: [ 9.9793753059882051e-01, -8.6649721630151794e-03,
       -6.3605057029629708e-02, 9.4411658395165288e-03,
       9.9988446655743957e-01, 1.1912930988437067e-02,
       6.3494483303032090e-02, -1.2488866824443685e-02,
       9.9790404287963597e-01 ]
T: !!opencv-matrix
   rows: 3
   cols: 1
   dt: d
   data: [ 7.0723345428113351e+00, 4.8059483264695162e+00,
       4.7398747145445563e-02 ]
