%YAML:1.0
R: !!opencv-matrix
   rows: 3
   cols: 3
   dt: d
   data: [ 9.9793751096240813e-01, 9.4411444741439327e-03,
       6.3494795102998464e-02, -8.6649596439933533e-03,
       9.9988446913844875e-01, -1.2488668867834622e-02,
       -6.3605366821687159e-02, 1.1912731288029482e-02,
       9.9790402551785395e-01 ]
T: !!opencv-matrix
   rows: 3
   cols: 1
   dt: d
   data: [ -7.1061460455530261e+00, -4.7435286936645582e+00,
       3.4528375129125166e-01 ]
