%YAML:1.0
R: !!opencv-matrix
   rows: 3
   cols: 3
   dt: d
   data: [ 9.9465273119102271e-01, 2.8038872715754354e-02,
       -9.9397011781384867e-02, -3.2572206554746540e-02,
       9.9848790780696450e-01, -4.4282607459651700e-02,
       9.8005079941776305e-02, 4.7283396452670358e-02,
       9.9406201251506721e-01 ]
T: !!opencv-matrix
   rows: 3
   cols: 1
   dt: d
   data: [ 9.1326924544718633e+00, -1.7712514021076409e+00,
       -5.9774957481436086e+00 ]
