%YAML:1.0
cameraMatrix: !!opencv-matrix
   rows: 3
   cols: 3
   dt: d
   data: [ 5.3833773176867112e+02, 0., 3.0995560468380467e+02, 0.,
       5.3907303065892302e+02, 2.7023151508222816e+02, 0., 0., 1. ]
imageSize_width: 640
imageSize_height: 480
sensorSize_width: 0
sensorSize_height: 0
distCoeffs: !!opencv-matrix
   rows: 5
   cols: 1
   dt: d
   data: [ 2.7486761953803251e-01, -7.2942555042878965e-01,
       4.4811269443309249e-04, 8.1682558636803036e-03,
       6.9197935260420362e-01 ]
reprojectionError: 4.5246788859367371e-01
