%YAML:1.0
R: !!opencv-matrix
   rows: 3
   cols: 3
   dt: d
   data: [ 9.9977733877810682e-01, -6.4556702760118672e-03,
       2.0089728396721674e-02, 5.9772021686295427e-03,
       9.9969920100319876e-01, 2.3786142348044093e-02,
       -2.0237240918711191e-02, -2.3660765728384683e-02,
       9.9951519360395147e-01 ]
T: !!opencv-matrix
   rows: 3
   cols: 1
   dt: d
   data: [ -2.7263619050875879e-02, 9.9496218504257945e-03,
       -2.4476536877426974e-01 ]
