%YAML:1.0
R: !!opencv-matrix
   rows: 3
   cols: 3
   dt: d
   data: [ 9.9465231656449216e-01, -3.2571653374237688e-02,
       9.8009471732877676e-02, 2.8038488959246037e-02,
       9.9848809282914963e-01, 4.7279716742909837e-02,
       -9.9401269055135674e-02, -4.4278842293764421e-02,
       9.9406175453809331e-01 ]
T: !!opencv-matrix
   rows: 3
   cols: 1
   dt: d
   data: [ -8.5559468260400298e+00, 1.7953226792459391e+00,
       6.7713525125395000e+00 ]
