%YAML:1.0
R: !!opencv-matrix
   rows: 3
   cols: 3
   dt: d
   data: [ 9.9986277394737411e-01, -6.0186234988951273e-03,
       1.5434035293495999e-02, 5.4388621082601309e-03,
       9.9928802197404076e-01, 3.7334540551293725e-02,
       -1.5647749142597631e-02, -3.7245473689931925e-02,
       9.9918362808664096e-01 ]
T: !!opencv-matrix
   rows: 3
   cols: 1
   dt: d
   data: [ -2.1369799276262709e-02, -8.1568670770005500e-03,
       -2.4118163370806772e-01 ]
