%YAML:1.0
camera_matrix: !!opencv-matrix
   rows: 3
   cols: 3
   dt: d
   data: [ 5.3281730968483657e+02, 0., 3.3419242192270599e+02, 0.,
       5.3291818562484661e+02, 2.5805210826167371e+02, 0., 0., 1. ]
image_width: 640
image_height: 480
sensor_width: 0
sensor_height: 0
distortion_coefficients: !!opencv-matrix
   rows: 5
   cols: 1
   dt: d
   data: [ 2.6729411063013331e-01, -9.5006772280191709e-01,
       -1.9876998524730251e-05, 1.5705845982867932e-02,
       1.9930813550220199e+00 ]
reprojection_error: 3.2443249225616455e-01
undistorted_camera_matrix: !!opencv-matrix
   rows: 3
   cols: 3
   dt: d
   data: [ 6.0497540283203125e+02, 0., 3.3475201580145222e+02, 0.,
       6.0144030761718750e+02, 2.5358948617289570e+02, 0., 0., 1. ]
undistorted_image_width: 640
undistorted_image_height: 480
undistorted_sensor_width: 0
undistorted_sensor_height: 0
