%YAML:1.0
cameraMatrix: !!opencv-matrix
   rows: 3
   cols: 3
   dt: d
   data: [ 7.5890031053356051e+02, 0., 3.1910101826643262e+02, 0.,
       7.6026747631012927e+02, 2.3682705388242414e+02, 0., 0., 1. ]
imageSize_width: 640
imageSize_height: 480
sensorSize_width: 0
sensorSize_height: 0
distCoeffs: !!opencv-matrix
   rows: 5
   cols: 1
   dt: d
   data: [ -7.4963063621328832e-02, 3.7956656744841577e-01,
       -1.3361828365426323e-03, 1.3438910095559867e-02,
       -2.2070104923996063e+00 ]
reprojectionError: 3.1995031237602234e-01
undistorted_cameraMatrix: !!opencv-matrix
   rows: 3
   cols: 3
   dt: d
   data: [ 7.4620654296875000e+02, 0., 3.2449641583279299e+02, 0.,
       7.5577691650390625e+02, 2.3594529448241337e+02, 0., 0., 1. ]
undistorted_imageSize_width: 640
undistorted_imageSize_height: 480
undistorted_sensorSize_width: 0
undistorted_sensorSize_height: 0
