%YAML:1.0
proj_frustum_left: -7.2874954223632812e+01
proj_frustum_right: 7.8630218505859375e+01
proj_frustum_bottom: 7.0272817611694336e+00
proj_frustum_top: 1.1884607696533203e+02
proj_loc_x: -7.9808306694030762e+00
proj_loc_y: -1.4765979003906250e+02
proj_loc_z: -2.0542032241821289e+01
proj_fwd_x: 3.2345805317163467e-02
proj_fwd_y: -1.3913689553737640e-01
proj_fwd_z: 9.8974472284317017e-01
proj_up_x: 2.3284675553441048e-02
proj_up_y: 9.9009734392166138e-01
proj_up_z: 1.3842397928237915e-01
proj_trg_x: -8.0149669647216797e+00
proj_trg_y: -1.4773597717285156e+02
proj_trg_z: -1.9552288055419922e+01
proj_left_x: 9.9920129776000977e-01
proj_left_y: -1.8568208441138268e-02
proj_left_z: -3.5264968872070312e-02
