%YAML:1.0
proj_frustum_left: -1.0380016326904297e+02
proj_frustum_right: 1.3344311523437500e+02
proj_frustum_bottom: -8.0322654724121094e+01
proj_frustum_top: 6.0931415557861328e+01
proj_loc_x: 3.3678245544433594e+01
proj_loc_y: -1.2443669128417969e+02
proj_loc_z: -7.3385906219482422e+00
proj_fwd_x: 4.0416859090328217e-02
proj_fwd_y: 1.1778985708951950e-01
proj_fwd_z: 9.9221569299697876e-01
proj_up_x: 3.6750447005033493e-02
proj_up_y: 9.9217265844345093e-01
proj_up_z: -1.1928253620862961e-01
proj_trg_x: 3.3656696319580078e+01
proj_trg_y: -1.2429019927978516e+02
proj_trg_z: -6.3463749885559082e+00
proj_left_x: 9.9850273132324219e-01
proj_left_y: -4.1285481303930283e-02
proj_left_z: -3.5771954804658890e-02
