%YAML:1.0
proj_frustum_left: -7.1628364562988281e+01
proj_frustum_right: 6.6433120727539062e+01
proj_frustum_bottom: -1.1697266387939453e+02
proj_frustum_top: -1.3096070289611816e+01
proj_loc_x: -9.0379020690917969e+01
proj_loc_y: 2.4767060852050781e+02
proj_loc_z: -3.6906698608398438e+02
proj_fwd_x: 4.7194626182317734e-02
proj_fwd_y: 1.6266706585884094e-01
proj_fwd_z: 9.8555165529251099e-01
proj_up_x: 1.4615122228860855e-02
proj_up_y: 9.8643302917480469e-01
proj_up_z: -1.6351240873336792e-01
proj_trg_x: -9.0331825256347656e+01
proj_trg_y: 2.4783328247070312e+02
proj_trg_z: -3.6808142089843750e+02
proj_left_x: 9.9877876043319702e-01
proj_left_y: -2.2120865061879158e-02
proj_left_z: -4.4176939874887466e-02
