%YAML:1.0
proj_frustum_left: -1.0013035583496094e+02
proj_frustum_right: 1.3718957519531250e+02
proj_frustum_bottom: -7.9842514038085938e+01
proj_frustum_top: 5.8185703277587891e+01
proj_loc_x: 3.0713998794555664e+01
proj_loc_y: -1.2065818023681641e+02
proj_loc_z: 1.1133127212524414e+01
proj_fwd_x: 5.4598927497863770e-02
proj_fwd_y: 2.2339813411235809e-01
proj_fwd_z: 9.7319692373275757e-01
proj_up_x: 2.9520656913518906e-02
proj_up_y: 9.7386008501052856e-01
proj_up_z: -2.2520689666271210e-01
proj_trg_x: 3.0709131240844727e+01
proj_trg_y: -1.2038694763183594e+02
proj_trg_z: 1.2106324195861816e+01
proj_left_x: 9.9806612730026245e-01
proj_left_y: -4.1025366634130478e-02
proj_left_z: -4.6576801687479019e-02
