%YAML:1.0
R: !!opencv-matrix
   rows: 3
   cols: 3
   dt: d
   data: [ 9.9972378881592749e-01, 2.1231771588710105e-02,
       -1.0077596475926556e-02, -2.2130220183441553e-02,
       9.9478889468658149e-01, -9.9525415662944067e-02,
       7.9119801667573084e-03, 9.9720945058970639e-02,
       9.9498398664822063e-01 ]
T: !!opencv-matrix
   rows: 3
   cols: 1
   dt: d
   data: [ -5.7451456530705949e-02, 6.0596158036717009e-02,
       8.5125545811440564e-02 ]
E: !!opencv-matrix
   rows: 3
   cols: 3
   dt: d
   data: [ 2.3632826726110168e-03, -7.8639241480990746e-02,
       6.8764362229356918e-02, 8.5556587968259434e-02,
       7.5364796852891523e-03, 5.6305418357188060e-02,
       -5.9308007317271497e-02, -5.8438634726904116e-02,
       6.3285437203455799e-03 ]
F: !!opencv-matrix
   rows: 3
   cols: 3
   dt: d
   data: [ 3.5664772585663535e-07, -1.1832669474458951e-05,
       1.1043312889075124e-02, 1.2891776945275852e-05,
       1.1322634501486038e-06, -6.9004367111232283e-04,
       -8.2265751339421714e-03, -1.3227456337835221e-03, 1. ]
