%YAML:1.0
R: !!opencv-matrix
   rows: 3
   cols: 3
   dt: d
   data: [ 9.9887695116957087e-01, 4.5994102321189452e-02,
       -1.1374487850036839e-02, -4.4204950541459308e-02,
       9.9109112669601584e-01, 1.2563558784058310e-01,
       1.7051650061205736e-02, -1.2499168426775314e-01,
       9.9201124998363821e-01 ]
T: !!opencv-matrix
   rows: 3
   cols: 1
   dt: d
   data: [ -5.1823118820517398e-02, 1.5084342983436783e-01,
       4.6453905969877765e-02 ]
E: !!opencv-matrix
   rows: 3
   cols: 3
   dt: d
   data: [ 4.6256219954237295e-03, -6.4894228362839201e-02,
       1.4380211559779368e-01, 4.7285405652317175e-02,
       -4.3408532009868951e-03, 5.0880727490150941e-02,
       -1.4838318689254928e-01, -5.8299341367009171e-02,
       -4.7950612368391878e-03 ]
F: !!opencv-matrix
   rows: 3
   cols: 3
   dt: d
   data: [ -1.6226768112334927e-07, 2.2938699881312217e-06,
       -8.9026848674986468e-03, -1.6402632436494246e-06,
       1.5172682469041519e-07, -1.8080132437562858e-03,
       3.2714042676952912e-03, 3.7812892924616302e-04, 1. ]
reprojection_error: 4.9525235421316965e-01
