%YAML:1.0
R: !!opencv-matrix
   rows: 3
   cols: 3
   dt: d
   data: [ 9.9370520064475754e-01, -1.1120966099382469e-01,
       1.3505018074800383e-02, 1.1151514555216895e-01,
       9.9346095072810647e-01, -2.4489011635534654e-02,
       -1.0693293414129791e-02, 2.5840872277176814e-02,
       9.9960887490853834e-01 ]
T: !!opencv-matrix
   rows: 3
   cols: 1
   dt: d
   data: [ -8.1763033484509986e+00, 3.1702125705771427e+00,
       3.0024211194834813e+00 ]
E: !!opencv-matrix
   rows: 3
   cols: 3
   dt: d
   data: [ -3.6871544135045048e-01, -2.9008670817204210e+00,
       3.2424989466253287e+00, 2.8960898702084719e+00,
       -1.2261542433168224e-01, 8.2136531425428050e+00,
       -4.0620383765130912e+00, -7.7702798327412843e+00,
       1.5741580976927377e-01 ]
F: !!opencv-matrix
   rows: 3
   cols: 3
   dt: d
   data: [ 4.1883910318136949e-07, 3.2888258714209344e-06,
       -3.6995319724648671e-03, -3.2972164844250285e-06,
       1.3932777071427279e-07, -6.0893170170042924e-03,
       3.0441188159158433e-03, 3.2879221027085543e-03, 1. ]
