%YAML:1.0
R: !!opencv-matrix
   rows: 3
   cols: 3
   dt: d
   data: [ 9.9978943877131055e-01, 1.5355083889787839e-02,
       1.3612476633055341e-02, -1.5337592223562489e-02,
       9.9988140820996496e-01, -1.3884454764504202e-03,
       -1.3632182001851912e-02, 1.1793705079143407e-03,
       9.9990638196736870e-01 ]
T: !!opencv-matrix
   rows: 3
   cols: 1
   dt: d
   data: [ 7.8007937592933480e-02, -2.0043962344013636e-02,
       -5.0621359686039896e-02 ]
E: !!opencv-matrix
   rows: 3
   cols: 3
   dt: d
   data: [ -5.0316682995490492e-04, 5.0591717150330444e-02,
       -2.0112370865560704e-02, -4.9547282387490496e-02,
       -8.6929548557459493e-04, -7.8689716719146111e-02,
       1.8843287925673149e-02, 7.8306463215253461e-02,
       1.6453820096359162e-04 ]
F: !!opencv-matrix
   rows: 3
   cols: 3
   dt: d
   data: [ 8.0362225367558259e-08, -8.0777398270526705e-06,
       3.7248853053031836e-03, 7.8980029830514885e-06,
       1.3852729968242854e-07, 4.0320941606055540e-03,
       -4.1400931976437426e-03, -6.9011254091634038e-03, 1. ]
