%YAML:1.0
R: !!opencv-matrix
   rows: 3
   cols: 3
   dt: d
   data: [ 9.9801424649800241e-01, 4.8833484429381763e-02,
       3.9785105070990583e-02, -5.3970497332737455e-02,
       9.8862451823959396e-01, 1.4038784617333361e-01,
       -3.2476902633739750e-02, -1.4225629242327359e-01,
       9.8929692108148326e-01 ]
T: !!opencv-matrix
   rows: 3
   cols: 1
   dt: d
   data: [ 1.0500983664913841e-02, 1.3947630412753648e-01,
       2.2044343482381840e-02 ]
E: !!opencv-matrix
   rows: 3
   cols: 3
   dt: d
   data: [ -3.3400141677460389e-03, -4.1634960361262151e-02,
       1.3488872033539967e-01, 2.2341608274156360e-02,
       2.5703331071708392e-03, -9.5115542863586453e-03,
       -1.3976608187904790e-01, 3.5704159908875252e-03,
       -4.0748689352088632e-03 ]
F: !!opencv-matrix
   rows: 3
   cols: 3
   dt: d
   data: [ 1.2446835950969695e-07, 1.5619120342415535e-06,
       -8.5468458928366058e-03, -8.2328391953245785e-07,
       -9.5348171535716429e-08, 1.0151662477734214e-03,
       2.9739485113652901e-03, -5.1605071144543327e-04, 1. ]
reprojection_error: 5.1934325081961497e-01
