%YAML:1.0
R: !!opencv-matrix
   rows: 3
   cols: 3
   dt: d
   data: [ 9.9877878703396261e-01, 1.4615122628746122e-02,
       4.7194626405059656e-02, -2.2120865476257388e-02,
       9.8643301382101722e-01, 1.6266707274235356e-01,
       -4.4176938345111300e-02, -1.6351240758588179e-01,
       9.8555166819600115e-01 ]
T: !!opencv-matrix
   rows: 3
   cols: 1
   dt: d
   data: [ -9.0379022098353190e-02, 2.4767061297768633e-01,
       -3.6906698283757611e-01 ]
E: !!opencv-matrix
   rows: 3
   cols: 3
   dt: d
   data: [ -1.9105410478489387e-02, 3.2356263796604723e-01,
       3.0412723152732590e-01, -3.7260894193972899e-01,
       -2.0172050710951857e-02, 7.1655217625493275e-02,
       -2.4536889222409819e-01, -9.2772587534880449e-02,
       -2.6390413013049625e-02 ]
F: !!opencv-matrix
   rows: 3
   cols: 3
   dt: d
   data: [ 3.8912606479722059e-07, -6.6089842698107750e-06,
       -3.6813959161913598e-03, 7.5774444298443002e-06,
       4.1139777631369613e-07, -6.5495385308720674e-03,
       5.2708358074999065e-04, 2.9136732051201924e-03, 1. ]
reprojection_error: 6.6028167724609377e-01
