%YAML:1.0
R: !!opencv-matrix
   rows: 3
   cols: 3
   dt: d
   data: [ 9.9734171069005484e-01, -3.4914540790671231e-02,
       -6.3956914866271447e-02, 4.2900958571195982e-02,
       9.9083389298760194e-01, 1.2809256130121671e-01,
       5.8898385983891480e-02, -1.3049586716984563e-01,
       9.8969783710993453e-01 ]
T: !!opencv-matrix
   rows: 3
   cols: 1
   dt: d
   data: [ 1.9984666977980178e-02, -7.1301648799612094e-02,
       -6.5525043612179992e-02 ]
E: !!opencv-matrix
   rows: 3
   cols: 3
   dt: d
   data: [ -1.3884648509054822e-03, 7.4229004541183863e-02,
       -6.2173816933690187e-02, -6.6527923718640650e-02,
       4.8956932554000705e-03, -1.5588002047556396e-02,
       7.1969469758908097e-02, 1.7312021056396704e-02,
       -2.0003463021402487e-03 ]
F: !!opencv-matrix
   rows: 3
   cols: 3
   dt: d
   data: [ -4.4919841426030470e-07, 2.3977974766030236e-05,
       -1.6791918704377757e-02, -2.1467257389670866e-05,
       1.5773291541415894e-06, 3.4939795144965096e-03,
       2.3467767446769320e-02, -8.5671579826750027e-03, 1. ]
