%YAML:1.0
R: !!opencv-matrix
   rows: 3
   cols: 3
   dt: d
   data: [ 9.8743722188425498e-01, 8.7964680301940504e-03,
       1.5776677402957298e-01, -8.2758591948761256e-03,
       9.9995792718881604e-01, -3.9565144803225547e-03,
       -1.5779493969101530e-01, 2.6011540592959393e-03,
       9.8746847595529275e-01 ]
T: !!opencv-matrix
   rows: 3
   cols: 1
   dt: d
   data: [ -8.7574527332917018e+00, -4.6695245162880941e+00,
       6.3342195329788756e-02 ]
E: !!opencv-matrix
   rows: 3
   cols: 3
   dt: d
   data: [ 7.3735155052304080e-01, -7.5485682996089348e-02,
       -4.6107576432218416e+00, -1.3193352845121846e+00,
       2.3336671322474821e-02, 8.6577017976112014e+00,
       4.6833377616104404e+00, -8.7160089595126671e+00,
       7.7134480773678382e-01 ]
F: !!opencv-matrix
   rows: 3
   cols: 3
   dt: d
   data: [ -3.0763085649408810e-06, 3.1445712646749604e-07,
       1.6107614505009974e-02, 5.5025529661758181e-06,
       -9.7182825043821863e-08, -3.0258049356133323e-02,
       -1.0934482553283515e-02, 1.9211289337897074e-02, 1. ]
