%YAML:1.0
R: !!opencv-matrix
   rows: 3
   cols: 3
   dt: d
   data: [ 9.9980309844836435e-01, -1.2289560633119383e-02,
       1.5579827742792601e-02, 1.1201374021542221e-02,
       9.9761518917183467e-01, 6.8106266625576076e-02,
       -1.6379668894081063e-02, -6.7918340918263168e-02,
       9.9755641715836341e-01 ]
T: !!opencv-matrix
   rows: 3
   cols: 1
   dt: d
   data: [ 1.5056251262895129e-03, -6.4682751817589382e-02,
       -7.2572303365808194e-02 ]
E: !!opencv-matrix
   rows: 3
   cols: 3
   dt: d
   data: [ 1.8723915715353791e-03, 7.6792377340394957e-02,
       -5.9582065512434154e-02, -7.2533352125622466e-02,
       9.9414128312166786e-04, -2.6326099919019544e-03,
       6.4686880753568238e-02, 7.0711189480590229e-04,
       1.1102886375370879e-03 ]
F: !!opencv-matrix
   rows: 3
   cols: 3
   dt: d
   data: [ 3.2395756196208900e-06, 1.3266155849495074e-04,
       -9.0324592369900383e-02, -1.2527885374594302e-04,
       1.7144454411224594e-06, 3.5460783374255782e-02,
       1.5859977290229635e-01, -7.0287637813664663e-02, 1. ]
