%YAML:1.0
R: !!opencv-matrix
   rows: 3
   cols: 3
   dt: d
   data: [ 9.9810059345772784e-01, -1.6617477011069526e-02,
       5.9321705952526858e-02, 1.1286961185929289e-02,
       9.9595985721636382e-01, 8.9087413930069095e-02,
       -6.0562445843268344e-02, -8.8248638920646924e-02,
       9.9425568536575859e-01 ]
T: !!opencv-matrix
   rows: 3
   cols: 1
   dt: d
   data: [ -1.5016260270135926e-03, -6.7541555565620276e-02,
       -7.4014151016972923e-02 ]
E: !!opencv-matrix
   rows: 3
   cols: 3
   dt: d
   data: [ 4.9258766508510597e-03, 7.9675573628103971e-02,
       -6.0559846311233539e-02, -7.3964510199248421e-02,
       1.0974119999666077e-03, -2.8976454883033235e-03,
       6.7396317898421015e-02, -2.6179294903604031e-03,
       3.8729043194032551e-03 ]
F: !!opencv-matrix
   rows: 3
   cols: 3
   dt: d
   data: [ 6.4216760927757703e-07, 1.0371118595057722e-05,
       -7.0935721348165766e-03, -9.6464823972876230e-06,
       1.4290612173295080e-07, 2.7129414388130909e-03,
       9.0046768205532396e-03, -5.4377720579851718e-03, 1. ]
