%YAML:1.0
R: !!opencv-matrix
   rows: 3
   cols: 3
   dt: d
   data: [ 9.9972379724745020e-01, -2.2130191982333909e-02,
       7.9109936142205666e-03, 2.1231832755759975e-02,
       9.9478880463353925e-01, 9.9721830376329562e-02,
       -1.0076631132011947e-02, -9.9526322038941295e-02,
       9.9498390576251550e-01 ]
T: !!opencv-matrix
   rows: 3
   cols: 1
   dt: d
   data: [ 5.8103672225112792e-02, -6.7549910921556197e-02,
       -7.9246610108661367e-02 ]
E: !!opencv-matrix
   rows: 3
   cols: 3
   dt: d
   data: [ 2.3632263076448033e-03, 8.5556634729335987e-02,
       -5.9308457191484934e-02, -7.8639232704391326e-02,
       7.5365874891755039e-03, -5.8439138156205959e-02,
       6.8764900901404261e-02, 5.6305990140555338e-02,
       6.3285914598161484e-03 ]
F: !!opencv-matrix
   rows: 3
   cols: 3
   dt: d
   data: [ 3.5663966342512514e-07, 1.2891800030819733e-05,
       -8.2266204743295848e-03, -1.1832682875672060e-05,
       1.1322810551019312e-06, -1.3227919466712158e-03,
       1.1043391291721685e-02, -6.8998868634501857e-04, 1. ]
