%YAML:1.0
R: !!opencv-matrix
   rows: 3
   cols: 3
   dt: d
   data: [ 9.9978943662524900e-01, -1.5337602535611988e-02,
       -1.3632327791937796e-02, 1.5355095188672521e-02,
       9.9988140796857106e-01, 1.1794280540583799e-03,
       1.3612621507779348e-02, -1.3885054005954218e-03,
       9.9990637991185882e-01 ]
T: !!opencv-matrix
   rows: 3
   cols: 1
   dt: d
   data: [ -7.8988948701642192e-02, 1.8903440078383460e-02,
       4.9526917987644192e-02 ]
E: !!opencv-matrix
   rows: 3
   cols: 3
   dt: d
   data: [ -5.0316516511983303e-04, -4.9547292018468289e-02,
       1.8843256900151473e-02, 5.0591736094624550e-02,
       -8.6930076476792340e-04, 7.8306386568770578e-02,
       -2.0112342532413039e-02, -7.8689647791277226e-02,
       1.6453610948448258e-04 ]
F: !!opencv-matrix
   rows: 3
   cols: 3
   dt: d
   data: [ 8.0362072120457639e-08, 7.8980155894008178e-06,
       -4.1400955619172210e-03, -8.0777541748882800e-06,
       1.3852833513641355e-07, -6.9011251592115035e-03,
       3.7248890009801043e-03, 4.0320933207200023e-03, 1. ]
