%YAML:1.0
R: !!opencv-matrix
   rows: 3
   cols: 3
   dt: d
   data: [ 9.9908961365355275e-01, -1.4653523193094958e-02,
       4.0065173750079661e-02, 1.0093817807180043e-02,
       9.9368757862649759e-01, 1.1172784310763170e-01,
       -4.1449472031258719e-02, -1.1122171704050221e-01,
       9.9293084901562623e-01 ]
T: !!opencv-matrix
   rows: 3
   cols: 1
   dt: d
   data: [ -2.6018884643564326e-02, 9.7045557469923549e-02,
       3.5538808392245741e-02 ]
E: !!opencv-matrix
   rows: 3
   cols: 3
   dt: d
   data: [ -4.3812093771031166e-03, -4.6108045991519353e-02,
       9.2388853363524925e-02, 3.4427985314998466e-02,
       -3.4146337785667105e-03, 2.7258821752680081e-02,
       -9.7219838400557743e-02, -2.4432583152853241e-02,
       -6.7951809829975510e-03 ]
F: !!opencv-matrix
   rows: 3
   cols: 3
   dt: d
   data: [ 2.2317129627711842e-07, 2.3496069232650601e-06,
       -8.8511881687396328e-03, -1.7583170865998405e-06,
       1.7446322150623745e-07, -1.2474875983892846e-03,
       3.7839984774868242e-03, 6.8031856025685774e-05, 1. ]
reprojection_error: 9.9397576468331472e-01
