%YAML:1.0
R: !!opencv-matrix
   rows: 3
   cols: 3
   dt: d
   data: [ 9.9772126583201515e-01, 4.3933350811842999e-02,
       5.1206800261341306e-02, -4.2203620250999642e-02,
       9.9851715743515190e-01, -3.4385182060497017e-02,
       -5.2641524904497042e-02, 3.2145715018764905e-02,
       9.9809594872520224e-01 ]
T: !!opencv-matrix
   rows: 3
   cols: 1
   dt: d
   data: [ -1.3426589610177815e-02, 7.3216429976346420e-02,
       7.1851728978545817e-02 ]
E: !!opencv-matrix
   rows: 3
   cols: 3
   dt: d
   data: [ -8.2182143782990940e-04, -6.9391589683747520e-02,
       7.5547656921802611e-02, 7.0981201837346977e-02,
       3.5882945389346050e-03, 1.7080321829350795e-02,
       -7.2482938506527497e-02, -1.6623323194944663e-02,
       -3.2875033774497115e-03 ]
F: !!opencv-matrix
   rows: 3
   cols: 3
   dt: d
   data: [ -2.1123585004053710e-07, -1.7786517712232807e-05,
       1.9412506626399522e-02, 1.8216672353495087e-05,
       9.1834890917710456e-07, -6.2608792103243946e-03,
       -1.4565610380109518e-02, 2.9477847335315360e-03, 1. ]
