%YAML:1.0
R: !!opencv-matrix
   rows: 3
   cols: 3
   dt: d
   data: [ 9.9886410509339008e-01, 4.6305746162981790e-02,
       -1.1237323002859871e-02, -4.4490456288064195e-02,
       9.9077340394539770e-01, 1.2801820703997460e-01,
       1.7061619362210477e-02, -1.2737283818279097e-01,
       9.9170815325780182e-01 ]
T: !!opencv-matrix
   rows: 3
   cols: 1
   dt: d
   data: [ -3.9440677035438361e-02, 1.3134618803419223e-01,
       -4.2483161467023599e-02 ]
E: !!opencv-matrix
   rows: 3
   cols: 3
   dt: d
   data: [ 3.5088342668932555e-04, 2.5361249742639327e-02,
       1.3569570373323886e-01, -4.1761983241329993e-02,
       -6.9908854649475740e-03, 3.9591037993639562e-02,
       -1.2944225885058472e-01, -4.5158857082898921e-02,
       -3.5731452183849341e-03 ]
F: !!opencv-matrix
   rows: 3
   cols: 3
   dt: d
   data: [ -1.3830302725694537e-08, -1.0063950525984695e-06,
       -7.2158911285822242e-03, 1.6277004697288342e-06,
       2.7431816860387044e-07, -3.3594856301320678e-03,
       2.3191053614349181e-03, 1.1928397101853467e-03, 1. ]
reprojection_error: 4.6674150739397319e-01
