%YAML:1.0
R: !!opencv-matrix
   rows: 3
   cols: 3
   dt: d
   data: [ 9.8939580535586735e-01, -1.2766886861995775e-02,
       -1.4468222746442497e-01, 1.2519579692098153e-02,
       9.9991819532371151e-01, -2.6196917576597266e-03,
       1.4470383708992587e-01, 7.8055135958273218e-04,
       9.8947470420977779e-01 ]
T: !!opencv-matrix
   rows: 3
   cols: 1
   dt: d
   data: [ 8.6519811492268204e+00, 4.6115882654156692e+00,
       7.6152839312652132e-01 ]
