%YAML:1.0
R: !!opencv-matrix
   rows: 3
   cols: 3
   dt: d
   data: [ 9.9958078265860006e-01, 2.5221098489446384e-02,
       -1.4218126831837700e-02, -2.2224413620802214e-02,
       9.8313803401402866e-01, 1.8150945296111209e-01,
       1.8556249050712778e-02, -1.8111737151917900e-01,
       9.8328640962598057e-01 ]
T: !!opencv-matrix
   rows: 3
   cols: 1
   dt: d
   data: [ -5.7067410705408522e-02, 1.0941305965890448e-01,
       3.7027959905744576e-02 ]
E: !!opencv-matrix
   rows: 3
   cols: 3
   dt: d
   data: [ 2.8532206809108751e-03, -5.6220201480575903e-02,
       1.0086344985143972e-01, 3.8071394228564301e-02,
       -9.4020136027229920e-03, 5.5587141148908309e-02,
       -1.0809890206713464e-01, -5.8864659520875370e-02,
       -8.8026257397560842e-03 ]
F: !!opencv-matrix
   rows: 3
   cols: 3
   dt: d
   data: [ -1.1477451826577257e-07, 2.2772476638062587e-06,
       -7.5115783215807157e-03, -1.5300497605719641e-06,
       3.8048312595510782e-07, -2.6751989872480252e-03,
       2.8625021020144479e-03, 5.2001193466438866e-04, 1. ]
reprojection_error: 4.7456700331499785e-01
