%YAML:1.0
R: !!opencv-matrix
   rows: 3
   cols: 3
   dt: d
   data: [ 9.9839571342413846e-01, 5.0542654902905548e-02,
       -2.5523311925989313e-02, -4.6473092804683827e-02,
       9.8898248840565661e-01, 1.4054852995361586e-01,
       3.2345804387474975e-02, -1.3913690258993480e-01,
       9.8974475056764322e-01 ]
T: !!opencv-matrix
   rows: 3
   cols: 1
   dt: d
   data: [ 8.0473129346319335e-03, 1.4759684850112406e-01,
       2.0542032148637191e-02 ]
E: !!opencv-matrix
   rows: 3
   cols: 3
   dt: d
   data: [ 5.7287905562655519e-03, -4.0851878403750472e-02,
       1.4319605358356438e-01, 2.0248780032191813e-02,
       2.1579270377895666e-03, -8.4890864273504205e-03,
       -1.4773404437927370e-01, 4.9871499252257014e-04,
       4.8981984066264143e-03 ]
F: !!opencv-matrix
   rows: 3
   cols: 3
   dt: d
   data: [ -2.4532943711607232e-07, 1.7712036174663013e-06,
       -1.0001450789732887e-02, -8.6580705056869685e-07,
       -9.3417610516712939e-08, 1.0158744773292334e-03,
       3.6437863416324432e-03, -5.2851991197403023e-04, 1. ]
reprojection_error: 5.0996347699846545e-01
