%YAML:1.0
R: !!opencv-matrix
   rows: 3
   cols: 3
   dt: d
   data: [ 9.8743721442738641e-01, -8.2758604563856614e-03,
       -1.5779498628787314e-01, 8.7964729052165021e-03,
       9.9995792709043674e-01, 2.6011753929052663e-03,
       1.5776682042911122e-01, -3.9565367056677292e-03,
       9.8746846845303626e-01 ]
T: !!opencv-matrix
   rows: 3
   cols: 1
   dt: d
   data: [ 8.6187877596414921e+00, 4.7461968497548108e+00,
       1.3006118424504587e+00 ]
E: !!opencv-matrix
   rows: 3
   cols: 3
   dt: d
   data: [ 7.3735158928416145e-01, -1.3193356239744138e+00,
       4.6833366146837054e+00, -7.5486206031429415e-02,
       2.3336868013338646e-02, -8.7160111767802757e+00,
       -4.6107564634424296e+00, 8.6577040049906451e+00,
       7.7134504546365967e-01 ]
F: !!opencv-matrix
   rows: 3
   cols: 3
   dt: d
   data: [ -3.0763055878095371e-06, 5.5025487675557703e-06,
       -1.0934469196524309e-02, 3.1445898446834293e-07,
       -9.7183544980522870e-08, 1.9211274183787333e-02,
       1.6107593743368242e-02, -3.0258026016362995e-02, 1. ]
