%YAML:1.0
R: !!opencv-matrix
   rows: 3
   cols: 3
   dt: d
   data: [ 9.8939586173082028e-01, 1.2519614024797121e-02,
       1.4470344866172907e-01, -1.2766863575350559e-02,
       9.9991819592496534e-01, 7.8016191338786288e-04,
       -1.4468184400392453e-01, -2.6192981565329896e-03,
       9.8947476132177881e-01 ]
T: !!opencv-matrix
   rows: 3
   cols: 1
   dt: d
   data: [ -8.7281474663629748e+00, -4.5013292086145338e+00,
       5.1035436412958890e-01 ]
