%YAML:1.0
R: !!opencv-matrix
   rows: 3
   cols: 3
   dt: d
   data: [ 9.9370519935574331e-01, 1.1151519183143319e-01,
       -1.0692930569350088e-02, -1.1120971541506705e-01,
       9.9346094322357859e-01, 2.5840926582020526e-02,
       1.3504664774146788e-02, -2.4489105335153336e-02,
       9.9960887738616133e-01 ]
T: !!opencv-matrix
   rows: 3
   cols: 1
   dt: d
   data: [ 7.8033910602366765e+00, -4.1363557424765558e+00,
       -2.8131953541956940e+00 ]
E: !!opencv-matrix
   rows: 3
   cols: 3
   dt: d
   data: [ -3.6871475243585483e-01, 2.8960953615326179e+00,
       -4.0620423455981403e+00, -2.9008690306377529e+00,
       -1.2261595393689961e-01, -7.7702576749279588e+00,
       3.2425053086025404e+00, 8.2136307471504928e+00,
       1.5741709071393695e-01 ]
F: !!opencv-matrix
   rows: 3
   cols: 3
   dt: d
   data: [ 4.1883913878441345e-07, -3.2972291772120871e-06,
       3.0441289321144166e-03, 3.2888345054660730e-06,
       1.3932864467173622e-07, 3.2879149307168997e-03,
       -3.6995449611941004e-03, -6.0893075952666480e-03, 1. ]
