%YAML:1.0
R: !!opencv-matrix
   rows: 3
   cols: 3
   dt: d
   data: [ 9.9772126941285111e-01, -4.2203619270319431e-02,
       -5.2641457822660338e-02, 4.3933346626695263e-02,
       9.9851715817828079e-01, 3.2145697655342170e-02,
       5.1206734082419748e-02, -3.4385161684307233e-02,
       9.9809595282245100e-01 ]
T: !!opencv-matrix
   rows: 3
   cols: 1
   dt: d
   data: [ 2.0268346006666906e-02, -7.4827703766460738e-02,
       -6.8509829647224407e-02 ]
E: !!opencv-matrix
   rows: 3
   cols: 3
   dt: d
   data: [ -8.2181623553988009e-04, 7.0981203099099846e-02,
       -7.2482932018043067e-02, -6.9391590007140777e-02,
       3.5882931212186261e-03, -1.6623296811847318e-02,
       7.5547647859782671e-02, 1.7080291334919187e-02,
       -3.2874992890844887e-03 ]
F: !!opencv-matrix
   rows: 3
   cols: 3
   dt: d
   data: [ -2.1123424160610972e-07, 1.8216649283209008e-05,
       -1.4565591288121058e-02, -1.7786494953432781e-05,
       9.1834736698644085e-07, 2.9477846399968200e-03,
       1.9412479299908657e-02, -6.2608770755287176e-03, 1. ]
