%YAML:1.0
R: !!opencv-matrix
   rows: 3
   cols: 3
   dt: d
   data: [ 9.9514483208603199e-01, -9.5275229718856186e-02,
       2.4685902342884626e-02, 9.7720490015995254e-02,
       9.8635363788805130e-01, -1.3250361072831421e-01,
       -1.1724717629735364e-02, 1.3427260192245485e-01,
       9.9087506748806475e-01 ]
T: !!opencv-matrix
   rows: 3
   cols: 1
   dt: d
   data: [ -8.2334466304678653e+00, 2.0621935468486110e+00,
       7.7984412840392867e+00 ]
