%YAML:1.0
R: !!opencv-matrix
   rows: 3
   cols: 3
   dt: d
   data: [ 9.9972553409285925e-01, 2.3150125095158871e-02,
       -3.5955793449332718e-03, -2.3349786936196094e-02,
       9.9710174894475490e-01, -7.2407801384555104e-02,
       1.9089087933847025e-03, 7.2471883923280411e-02,
       9.9736862899723744e-01 ]
T: !!opencv-matrix
   rows: 3
   cols: 1
   dt: d
   data: [ -1.5953283400994385e-05, 6.0388678411535966e-02,
       8.3637808756204801e-02 ]
E: !!opencv-matrix
   rows: 3
   cols: 3
   dt: d
   data: [ 2.0682014935083600e-03, -7.9018924096597595e-02,
       6.6285803238927382e-02, 8.3614883482516236e-02,
       1.9373818998939473e-03, -2.8481507322563498e-04,
       -6.0371731272366363e-02, -1.4139125063389205e-03,
       2.1828742694026722e-04 ]
F: !!opencv-matrix
   rows: 3
   cols: 3
   dt: d
   data: [ 3.1289676947947765e-07, -1.1940344555262347e-05,
       1.0797584732336891e-02, 1.2630698216627386e-05,
       2.9230518761953283e-07, -6.6692176972685032e-03,
       -8.2413279645183815e-03, 3.4619029409993273e-03, 1. ]
