%YAML:1.0
R: !!opencv-matrix
   rows: 3
   cols: 3
   dt: d
   data: [ 9.9869416296082281e-01, 2.6293366807781736e-02,
       -4.3802142982884040e-02, -3.1248140034753492e-02,
       9.9269038871340698e-01, -1.1657334987205821e-01,
       4.0416860495961479e-02, 1.1778985957176576e-01,
       9.9221571564338451e-01 ]
T: !!opencv-matrix
   rows: 3
   cols: 1
   dt: d
   data: [ -3.3616277883316212e-02, 1.2440799249961605e-01,
       7.3385903219321449e-03 ]
E: !!opencv-matrix
   rows: 3
   cols: 3
   dt: d
   data: [ 5.2574977754770262e-03, 7.3690518868477946e-03,
       1.2429504936692966e-01, 8.6876717324778849e-03,
       4.1526128983878701e-03, 3.3033153234687390e-02,
       -1.2319508977629531e-01, -3.6641660939699242e-02,
       9.3680987987699010e-03 ]
F: !!opencv-matrix
   rows: 3
   cols: 3
   dt: d
   data: [ -4.2108084611197913e-06, -5.8828125821000167e-06,
       -1.0805005409591105e-01, -6.9474483992370800e-06,
       -3.3100182224158990e-06, -2.4848786985091468e-02,
       5.5221713014131930e-02, 1.8117330733452227e-02, 1. ]
reprojection_error: 5.2442700877693127e-01
