%YAML:1.0
R: !!opencv-matrix
   rows: 3
   cols: 3
   dt: d
   data: [ 9.9972552499331113e-01, -2.3350004266912860e-02,
       1.9110148046508966e-03, 2.3150192627178406e-02,
       9.9710181315083246e-01, 7.2470978968459443e-02,
       -3.5976739948163912e-03, -7.2406847135181279e-02,
       9.9736869072062284e-01 ]
T: !!opencv-matrix
   rows: 3
   cols: 1
   dt: d
   data: [ 1.2652365026943240e-03, -6.6274192812250846e-02,
       -7.9045122205074286e-02 ]
E: !!opencv-matrix
   rows: 3
   cols: 3
   dt: d
   data: [ 2.0683427452944090e-03, 8.3614740019372871e-02,
       -6.0371327524837488e-02, -7.9018874386165297e-02,
       1.9373157268075722e-03, -1.4129636729135139e-03,
       6.6285292671491719e-02, -2.8593307405113430e-04,
       2.1834389160738695e-04 ]
F: !!opencv-matrix
   rows: 3
   cols: 3
   dt: d
   data: [ 3.1291322356146262e-07, 1.2630478123141325e-05,
       -8.2411670751877976e-03, -1.1940149466341384e-05,
       2.9229061183738479e-07, 3.4619245998683754e-03,
       1.0797344190514925e-02, -6.6692248121910484e-03, 1. ]
