%YAML:1.0
R: !!opencv-matrix
   rows: 3
   cols: 3
   dt: d
   data: [ 9.9776848830362885e-01, 2.5307042247582852e-02,
       -6.1786708610917007e-02, -3.8431770489862190e-02,
       9.7439870165024900e-01, -2.2151787566542697e-01,
       5.4598926411660031e-02, 2.2339812853958302e-01,
       9.7319691399002395e-01 ]
T: !!opencv-matrix
   rows: 3
   cols: 1
   dt: d
   data: [ -3.0654531648229729e-02, 1.2061034148209943e-01,
       -1.1133126580731496e-02 ]
E: !!opencv-matrix
   rows: 3
   cols: 3
   dt: d
   data: [ 6.1573293934810772e-03, 3.7792228655193695e-02,
       1.1491142557598419e-01, -9.4345783609038145e-03,
       6.5664184967456811e-03, 3.0520774847838807e-02,
       -1.1916309016959982e-01, -3.2922026845114402e-02,
       1.4242642754852122e-02 ]
F: !!opencv-matrix
   rows: 3
   cols: 3
   dt: d
   data: [ 4.8945527729412297e-06, 3.0025171445875967e-05,
       9.4754756188471997e-02, -7.4882211512644182e-06,
       5.2089128152314338e-06, 3.0686770979943618e-02,
       -4.9550883564440477e-02, -2.4365257455306329e-02, 1. ]
reprojection_error: 7.1186064726077247e-01
