%YAML:1.0
R: !!opencv-matrix
   rows: 3
   cols: 3
   dt: d
   data: [ 9.9869994400090911e-01, 4.8966041949172256e-02,
       -1.4168577501388892e-02, -5.0007954128314838e-02,
       9.9502791430080306e-01, -8.6131610260658478e-02,
       9.8806060786431147e-03, 8.6728175917780689e-02,
       9.9618301387119279e-01 ]
T: !!opencv-matrix
   rows: 3
   cols: 1
   dt: d
   data: [ 5.1953065158976477e-02, 3.6057529009898104e-01,
       -3.5758531065169756e+00 ]
E: !!opencv-matrix
   rows: 3
   cols: 3
   dt: d
   data: [ -1.7525839571713253e-01, 3.5893456956149428e+00,
       5.1204993098397544e-02, -3.5717176250053941e+00,
       -1.7960116779236379e-01, -1.0900091566476491e-03,
       -3.6270458852925935e-01, 3.4038805285848420e-02,
       6.3403778273363881e-04 ]
F: !!opencv-matrix
   rows: 3
   cols: 3
   dt: d
   data: [ 7.7282093228856597e-07, -9.1366826732568952e-06,
       2.2649588626012041e-03, 1.5574055032527218e-05,
       4.5207131748693400e-07, -8.0682557775566058e-03,
       -3.4350090418070779e-03, 2.5790738720278105e-03, 1. ]
reprojection_error: 1.5391375572078831e+01
