%YAML:1.0
R: !!opencv-matrix
   rows: 3
   cols: 3
   dt: d
   data: [ 9.9810059316636979e-01, 1.1286960879444816e-02,
       -6.0562450702120497e-02, -1.6617477230852377e-02,
       9.9595985707728640e-01, -8.8248640448866961e-02,
       5.9321710793123587e-02, 8.9087415523726898e-02,
       9.9425568493415206e-01 ]
T: !!opencv-matrix
   rows: 3
   cols: 1
   dt: d
   data: [ -2.2213625706594578e-03, 6.0712077555939055e-02,
       7.9695172042425308e-02 ]
E: !!opencv-matrix
   rows: 3
   cols: 3
   dt: d
   data: [ 4.9258770132469716e-03, -7.3964510076588982e-02,
       6.7396318837238123e-02, 7.9675573516023918e-02,
       1.0974117394846720e-03, -2.6179325638382863e-03,
       -6.0559847179006018e-02, -2.8976427926745308e-03,
       3.8729044308095728e-03 ]
F: !!opencv-matrix
   rows: 3
   cols: 3
   dt: d
   data: [ 6.4216763175835460e-07, -9.6464820093009374e-06,
       9.0046765376147215e-03, 1.0371118180535668e-05,
       1.4290608230195436e-07, -5.4377721329485927e-03,
       -7.0935719316264434e-03, 2.7129415238858509e-03, 1. ]
