%YAML:1.0
R: !!opencv-matrix
   rows: 3
   cols: 3
   dt: d
   data: [ 9.9980309846664639e-01, 1.1201373349400124e-02,
       -1.6379668237812030e-02, -1.2289560096553045e-02,
       9.9761518839897989e-01, -6.7918352367390120e-02,
       1.5579826992834379e-02, 6.8106278056836320e-02,
       9.9755641638962866e-01 ]
T: !!opencv-matrix
   rows: 3
   cols: 1
   dt: d
   data: [ -1.9695036762430178e-03, 5.9618015811139985e-02,
       7.6776810764497480e-02 ]
E: !!opencv-matrix
   rows: 3
   cols: 3
   dt: d
   data: [ 1.8723916019055980e-03, -7.2533351373466615e-02,
       6.4686888691968591e-02, 7.6792377819269578e-02,
       9.9414128695754695e-04, 7.0711234065944030e-04,
       -5.9582072598621701e-02, -2.6326104344786805e-03,
       1.1102887646550486e-03 ]
F: !!opencv-matrix
   rows: 3
   cols: 3
   dt: d
   data: [ 3.2395783143059802e-06, -1.2527895462198572e-04,
       1.5859991674851379e-01, 1.3266166751858387e-04,
       1.7144468460082143e-06, -7.0287694747359158e-02,
       -9.0324672745328710e-02, 3.5460811492704844e-02, 1. ]
