%YAML:1.0
R: !!opencv-matrix
   rows: 3
   cols: 3
   dt: d
   data: [ 9.9514483227400963e-01, 9.7720489138038241e-02,
       -1.1724708992373198e-02, -9.5275229835623615e-02,
       9.8635363701425671e-01, 1.3427260825841236e-01,
       2.4685894314413273e-02, -1.3250361788030740e-01,
       9.9087506673168801e-01 ]
T: !!opencv-matrix
   rows: 3
   cols: 1
   dt: d
   data: [ 8.0833873656387158e+00, -3.8656129691186689e+00,
       -7.2507829433797886e+00 ]
