%YAML:1.0
R: !!opencv-matrix
   rows: 3
   cols: 3
   dt: d
   data: [ 9.9734171025535068e-01, 4.2900958615295637e-02,
       5.8898393312728135e-02, -3.4914539114609427e-02,
       9.9083389146204837e-01, -1.3049587920156028e-01,
       -6.3956922560005458e-02, 1.2809257308705488e-01,
       9.8969783508735176e-01 ]
T: !!opencv-matrix
   rows: 3
   cols: 1
   dt: d
   data: [ -1.3013316419216750e-02, 6.2795102968505448e-02,
       7.5261363082911426e-02 ]
E: !!opencv-matrix
   rows: 3
   cols: 3
   dt: d
   data: [ -1.3884657325271385e-03, -6.6527922943676848e-02,
       7.1969475207429551e-02, 7.4229004902787096e-02,
       4.8956938074842145e-03, 1.7312024451514862e-02,
       -6.2173821445140540e-02, -1.5588005062174582e-02,
       -2.0003465052985062e-03 ]
F: !!opencv-matrix
   rows: 3
   cols: 3
   dt: d
   data: [ -4.4919874515521733e-07, -2.1467259322238806e-05,
       2.3467771224528148e-02, 2.3977977320742826e-05,
       1.5773294923872730e-06, -8.5671581449225272e-03,
       -1.6791921125936617e-02, 3.4939792327676783e-03, 1. ]
