%YAML:1.0
cameraMatrix: !!opencv-matrix
   rows: 3
   cols: 3
   dt: d
   data: [ 1.1713639560028396e+03, 0., 5.3197783975258301e+02, 0.,
       1.1720050742582887e+03, 3.2104593659515666e+02, 0., 0., 1. ]
imageSize_width: 1280
imageSize_height: 768
sensorSize_width: 0
sensorSize_height: 0
distCoeffs: !!opencv-matrix
   rows: 1
   cols: 5
   dt: d
   data: [ 0., 0., 0., 0., 0. ]
reprojectionError: 1.2150483131408691e+00
undistorted_cameraMatrix: !!opencv-matrix
   rows: 3
   cols: 3
   dt: d
   data: [ 1.1704488525390625e+03, 0., 5.3156223138094356e+02, 0.,
       1.1704790039062500e+03, 3.2062789876399620e+02, 0., 0., 1. ]
undistorted_imageSize_width: 1280
undistorted_imageSize_height: 768
undistorted_sensorSize_width: 0
undistorted_sensorSize_height: 0
