%YAML:1.0
cameraMatrix: !!opencv-matrix
   rows: 3
   cols: 3
   dt: d
   data: [ 7.4538166275196716e+02, 0., 5.1310960980666584e+02, 0.,
       7.4732486968982278e+02, 2.7400105112820916e+02, 0., 0., 1. ]
imageSize_width: 1024
imageSize_height: 576
sensorSize_width: 0
sensorSize_height: 0
distCoeffs: !!opencv-matrix
   rows: 5
   cols: 1
   dt: d
   data: [ 1.1875629440108024e-01, -1.5152136714023148e-01,
       -2.5658681736011484e-03, -5.9410833752297134e-03,
       -1.8460035312043960e-01 ]
reprojectionError: 3.9391615986824036e-01
undistorted_cameraMatrix: !!opencv-matrix
   rows: 3
   cols: 3
   dt: d
   data: [ 7.4671929931640625e+02, 0., 5.0557048121806292e+02, 0.,
       7.6169488525390625e+02, 2.7251557124419378e+02, 0., 0., 1. ]
undistorted_imageSize_width: 1024
undistorted_imageSize_height: 576
undistorted_sensorSize_width: 0
undistorted_sensorSize_height: 0
