%YAML:1.0
camera_matrix: !!opencv-matrix
   rows: 3
   cols: 3
   dt: d
   data: [ 7.4538166275196716e+02, 0., 5.1310960980666584e+02, 0.,
       7.4732486968982278e+02, 2.7400105112820916e+02, 0., 0., 1. ]
image_width: 1024
image_height: 576
sensor_width: 0
sensor_height: 0
distortion_coefficients: !!opencv-matrix
   rows: 5
   cols: 1
   dt: d
   data: [ 1.1875629440108024e-01, -1.5152136714023148e-01,
       -2.5658681736011484e-03, -5.9410833752297134e-03,
       -1.8460035312043960e-01 ]
reprojection_error: 3.9391615986824036e-01
undistorted_camera_matrix: !!opencv-matrix
   rows: 3
   cols: 3
   dt: d
   data: [ 7.4671929931640625e+02, 0., 5.0557048121806292e+02, 0.,
       7.6169488525390625e+02, 2.7251557124419378e+02, 0., 0., 1. ]
undistorted_image_width: 1024
undistorted_image_height: 576
undistorted_sensor_width: 0
undistorted_sensor_height: 0
