%YAML:1.0
cameraMatrix: !!opencv-matrix
   rows: 3
   cols: 3
   dt: d
   data: [ 7.6200985492066502e+02, 0., 3.2407213931625256e+02, 0.,
       7.6349014033696358e+02, 2.3020244002194283e+02, 0., 0., 1. ]
imageSize_width: 640
imageSize_height: 480
sensorSize_width: 0
sensorSize_height: 0
distCoeffs: !!opencv-matrix
   rows: 5
   cols: 1
   dt: d
   data: [ -1.2769704515433883e-01, 9.7202985850759216e-01,
       -7.3422939290786432e-04, 1.4939655092723696e-02,
       -2.7712626230358257e+00 ]
reprojectionError: 3.7483671307563782e-01
undistorted_cameraMatrix: !!opencv-matrix
   rows: 3
   cols: 3
   dt: d
   data: [ 7.5401831054687500e+02, 0., 3.2987957272525091e+02, 0.,
       7.6242041015625000e+02, 2.2938088637313922e+02, 0., 0., 1. ]
undistorted_imageSize_width: 640
undistorted_imageSize_height: 480
undistorted_sensorSize_width: 0
undistorted_sensorSize_height: 0
