%YAML:1.0
cameraMatrix: !!opencv-matrix
   rows: 3
   cols: 3
   dt: d
   data: [ 1.4424494893882181e+03, 0., 5.1485999737884219e+02, 0.,
       1.4418711302113395e+03, 8.2904574280823579e+02, 0., 0., 1. ]
imageSize_width: 1024
imageSize_height: 768
sensorSize_width: 0
sensorSize_height: 0
distCoeffs: !!opencv-matrix
   rows: 1
   cols: 5
   dt: d
   data: [ 0., 0., 0., 0., 0. ]
reprojectionError: 0.
undistorted_cameraMatrix: !!opencv-matrix
   rows: 3
   cols: 3
   dt: d
   data: [ 1.4410408935546875e+03, 0., 5.1435723621450961e+02, 0.,
       1.4399937744140625e+03, 8.2796627668061410e+02, 0., 0., 1. ]
undistorted_imageSize_width: 1024
undistorted_imageSize_height: 768
undistorted_sensorSize_width: 0
undistorted_sensorSize_height: 0
