%YAML:1.0
camera_matrix: !!opencv-matrix
   rows: 3
   cols: 3
   dt: d
   data: [ 7.4596463826587183e+02, 0., 5.1856750469746498e+02, 0.,
       7.4816710837366020e+02, 2.9470183649867329e+02, 0., 0., 1. ]
image_width: 1024
image_height: 576
sensor_width: 0
sensor_height: 0
distortion_coefficients: !!opencv-matrix
   rows: 5
   cols: 1
   dt: d
   data: [ 1.4108985486563563e-01, -2.5721679463148084e-01,
       8.8237543948760204e-03, 7.9506559485424920e-03,
       -2.4927789173888468e-01 ]
reprojection_error: 4.2620500922203064e-01
undistorted_camera_matrix: !!opencv-matrix
   rows: 3
   cols: 3
   dt: d
   data: [ 1.3215298828125000e+04, 0., -7.9039379836065928e+03, 0.,
       6.5411289062500000e+03, 2.5577903960709227e+03, 0., 0., 1. ]
undistorted_image_width: 1024
undistorted_image_height: 576
undistorted_sensor_width: 0
undistorted_sensor_height: 0
