%YAML:1.0
cameraMatrix: !!opencv-matrix
   rows: 3
   cols: 3
   dt: d
   data: [ 1.0866344405006143e+03, 0., 5.3583834242043372e+02, 0.,
       1.0885161773516993e+03, 3.0906691174637410e+02, 0., 0., 1. ]
imageSize_width: 1024
imageSize_height: 576
sensorSize_width: 0
sensorSize_height: 0
distCoeffs: !!opencv-matrix
   rows: 5
   cols: 1
   dt: d
   data: [ 4.9689686592055672e-02, 1.2985725659662941e+00,
       1.1810750943392942e-02, 1.5767814441684291e-02,
       -6.5167351659630075e+00 ]
reprojectionError: 5.2326023578643799e-01
undistorted_cameraMatrix: !!opencv-matrix
   rows: 3
   cols: 3
   dt: d
   data: [ -7.0270957946777344e+01, 0., 1.0535562568634487e+03, 0.,
       -8.4409103393554688e+01, -2.3766863912244389e+01, 0., 0., 1. ]
undistorted_imageSize_width: 1024
undistorted_imageSize_height: 576
undistorted_sensorSize_width: 0
undistorted_sensorSize_height: 0
