%YAML:1.0
cameraMatrix: !!opencv-matrix
   rows: 3
   cols: 3
   dt: d
<<<<<<< HEAD
   data: [ 5.3108494115608232e+02, 0., 3.1419025298633449e+02, 0.,
       5.3126380667834360e+02, 2.7695477032828393e+02, 0., 0., 1. ]
=======
   data: [ 5.0488405880955384e+02, 0., 3.4164200178018956e+02, 0.,
       5.0374659772210913e+02, 2.6008514663519429e+02, 0., 0., 1. ]
>>>>>>> chp
imageSize_width: 640
imageSize_height: 480
sensorSize_width: 0
sensorSize_height: 0
distCoeffs: !!opencv-matrix
   rows: 5
   cols: 1
   dt: d
<<<<<<< HEAD
   data: [ 2.0631670156385382e-01, -4.6991831739356138e-01,
       2.5252625476703278e-03, 9.8070927948585417e-03,
       2.0645066365103959e-01 ]
reprojectionError: 1.7405545711517334e+00
=======
   data: [ 1.8873341563595245e-01, -1.2563113952026308e+00,
       1.1206435262244331e-02, 1.7440186861259536e-02,
       3.1294773262976978e+00 ]
reprojectionError: 2.2734491825103760e+00
>>>>>>> chp
undistorted_cameraMatrix: !!opencv-matrix
   rows: 3
   cols: 3
   dt: d
<<<<<<< HEAD
   data: [ 5.4289587402343750e+02, 0., 3.1909893533104332e+02, 0.,
       5.4614263916015625e+02, 2.7772937420996095e+02, 0., 0., 1. ]
=======
   data: [ 7.0905804443359375e+02, 0., 3.0755312630895605e+02, 0.,
       7.3194128417968750e+02, 2.4155524845583932e+02, 0., 0., 1. ]
>>>>>>> chp
undistorted_imageSize_width: 640
undistorted_imageSize_height: 480
undistorted_sensorSize_width: 0
undistorted_sensorSize_height: 0
