%YAML:1.0
cameraMatrix: !!opencv-matrix
   rows: 3
   cols: 3
   dt: d
   data: [ 1.4848472263065148e+03, 0., 5.3178585277581578e+02, 0.,
       1.4806055416263885e+03, 8.6595181728014461e+02, 0., 0., 1. ]
imageSize_width: 1024
imageSize_height: 768
sensorSize_width: 0
sensorSize_height: 0
distCoeffs: !!opencv-matrix
   rows: 1
   cols: 5
   dt: d
   data: [ 0., 0., 0., 0., 0. ]
reprojectionError: 1.0337822437286377e+00
undistorted_cameraMatrix: !!opencv-matrix
   rows: 3
   cols: 3
   dt: d
   data: [ 1.4833970947265625e+03, 0., 5.3126652001194088e+02, 0.,
       1.4786777343750000e+03, 8.6482434689230286e+02, 0., 0., 1. ]
undistorted_imageSize_width: 1024
undistorted_imageSize_height: 768
undistorted_sensorSize_width: 0
undistorted_sensorSize_height: 0
