%YAML:1.0
cameraMatrix: !!opencv-matrix
   rows: 3
   cols: 3
   dt: d
   data: [ 7.4606493284552312e+02, 0., 5.0956186246022850e+02, 0.,
       7.4813969070009136e+02, 2.7085446555452666e+02, 0., 0., 1. ]
imageSize_width: 1024
imageSize_height: 576
sensorSize_width: 0
sensorSize_height: 0
distCoeffs: !!opencv-matrix
   rows: 5
   cols: 1
   dt: d
   data: [ 1.2693351452127191e-01, -2.4738459705637472e-01,
       -3.9860051443051962e-03, -8.4368681821465168e-03,
       3.4533465264138624e-01 ]
reprojectionError: 4.0535870194435120e-01
undistorted_cameraMatrix: !!opencv-matrix
   rows: 3
   cols: 3
   dt: d
   data: [ 7.8519781494140625e+02, 0., 5.0175258816772839e+02, 0.,
       7.9268829345703125e+02, 2.6874678751873944e+02, 0., 0., 1. ]
undistorted_imageSize_width: 1024
undistorted_imageSize_height: 576
undistorted_sensorSize_width: 0
undistorted_sensorSize_height: 0
