%YAML:1.0
cameraMatrix: !!opencv-matrix
   rows: 3
   cols: 3
   dt: d
   data: [ 5.2826128029908250e+02, 0., 3.0303878975396589e+02, 0.,
       5.2954090207150557e+02, 2.6047379149860677e+02, 0., 0., 1. ]
imageSize_width: 640
imageSize_height: 480
sensorSize_width: 0
sensorSize_height: 0
distCoeffs: !!opencv-matrix
   rows: 5
   cols: 1
   dt: d
   data: [ 3.8700094675842761e-01, -2.3039547882686495e+00,
       -6.8018552213248836e-03, -1.1054290281172417e-02,
       5.2939989532766303e+00 ]
reprojectionError: 1.1076755523681641e+00
undistorted_cameraMatrix: !!opencv-matrix
   rows: 3
   cols: 3
   dt: d
   data: [ 7.4956927490234375e+02, 0., 3.2992349169123736e+02, 0.,
       7.6351232910156250e+02, 2.3824013058274431e+02, 0., 0., 1. ]
undistorted_imageSize_width: 640
undistorted_imageSize_height: 480
undistorted_sensorSize_width: 0
undistorted_sensorSize_height: 0
