%YAML:1.0
camera_matrix: !!opencv-matrix
   rows: 3
   cols: 3
   dt: d
   data: [ 7.4628683636996686e+02, 0., 5.1873763482049912e+02, 0.,
       7.4718520885098326e+02, 2.9110407916649172e+02, 0., 0., 1. ]
image_width: 1024
image_height: 576
sensor_width: 0
sensor_height: 0
distortion_coefficients: !!opencv-matrix
   rows: 5
   cols: 1
   dt: d
   data: [ 7.2773423604876333e-02, 4.6792335315959827e-01,
       7.0286553308649994e-03, 7.9321046008746874e-03,
       -2.6236165567130794e+00 ]
reprojection_error: 4.0554744005203247e-01
undistorted_camera_matrix: !!opencv-matrix
   rows: 3
   cols: 3
   dt: d
   data: [ -1.6906723632812500e+03, 0., 8.0863746484695002e+02, 0.,
       -4.6056450195312500e+03, 2.4932137024932490e+02, 0., 0., 1. ]
undistorted_image_width: 1024
undistorted_image_height: 576
undistorted_sensor_width: 0
undistorted_sensor_height: 0
