%YAML:1.0
cameraMatrix: !!opencv-matrix
   rows: 3
   cols: 3
   dt: d
   data: [ 1.1284210148714119e+03, 0., 5.5687714850620307e+02, 0.,
       1.1320983481840597e+03, 3.2961868041171209e+02, 0., 0., 1. ]
imageSize_width: 1280
imageSize_height: 768
sensorSize_width: 0
sensorSize_height: 0
distCoeffs: !!opencv-matrix
   rows: 1
   cols: 5
   dt: d
   data: [ 0., 0., 0., 0., 0. ]
reprojectionError: 9.6841210126876831e-01
undistorted_cameraMatrix: !!opencv-matrix
   rows: 3
   cols: 3
   dt: d
   data: [ 1.1275394287109375e+03, 0., 5.5644207935205122e+02, 0.,
       1.1306242675781250e+03, 3.2918948129248020e+02, 0., 0., 1. ]
undistorted_imageSize_width: 1280
undistorted_imageSize_height: 768
undistorted_sensorSize_width: 0
undistorted_sensorSize_height: 0
