%YAML:1.0
cameraMatrix: !!opencv-matrix
   rows: 3
   cols: 3
   dt: d
   data: [ 1.4344227022109878e+03, 0., 5.2817204852575355e+02, 0.,
       1.4249164200236105e+03, 8.1351405495004951e+02, 0., 0., 1. ]
imageSize_width: 1024
imageSize_height: 768
sensorSize_width: 0
sensorSize_height: 0
distCoeffs: !!opencv-matrix
   rows: 1
   cols: 5
   dt: d
   data: [ 0., 0., 0., 0., 0. ]
reprojectionError: 1.8025128841400146e+00
undistorted_cameraMatrix: !!opencv-matrix
   rows: 3
   cols: 3
   dt: d
   data: [ 1.4330219726562500e+03, 0., 5.2765629165028804e+02, 0.,
       1.4230611572265625e+03, 8.1245482581048418e+02, 0., 0., 1. ]
undistorted_imageSize_width: 1024
undistorted_imageSize_height: 768
undistorted_sensorSize_width: 0
undistorted_sensorSize_height: 0
