%YAML:1.0
cameraMatrix: !!opencv-matrix
   rows: 3
   cols: 3
   dt: d
   data: [ 7.8232939326101496e+02, 0., 3.1279678399577887e+02, 0.,
       7.8299197103070935e+02, 2.1391425207915859e+02, 0., 0., 1. ]
imageSize_width: 640
imageSize_height: 480
sensorSize_width: 0
sensorSize_height: 0
distCoeffs: !!opencv-matrix
   rows: 5
   cols: 1
   dt: d
   data: [ -1.1537285535726477e-01, 6.5942537049098804e-01,
       1.8155475959426946e-04, -8.4158053264052762e-03,
       -3.3924547433596013e+00 ]
reprojectionError: 4.6617123484611511e-01
undistorted_cameraMatrix: !!opencv-matrix
   rows: 3
   cols: 3
   dt: d
   data: [ 7.6607702636718750e+02, 0., 3.0807397598266834e+02, 0.,
       7.7543762207031250e+02, 2.1305416296840122e+02, 0., 0., 1. ]
undistorted_imageSize_width: 640
undistorted_imageSize_height: 480
undistorted_sensorSize_width: 0
undistorted_sensorSize_height: 0
