%YAML:1.0
camera_matrix: !!opencv-matrix
   rows: 3
   cols: 3
   dt: d
   data: [ 5.0488405880955384e+02, 0., 3.4164200178018956e+02, 0.,
       5.0374659772210913e+02, 2.6008514663519429e+02, 0., 0., 1. ]
image_width: 640
image_height: 480
sensor_width: 0
sensor_height: 0
distortion_coefficients: !!opencv-matrix
   rows: 5
   cols: 1
   dt: d
   data: [ 1.8873341563595245e-01, -1.2563113952026308e+00,
       1.1206435262244331e-02, 1.7440186861259536e-02,
       3.1294773262976978e+00 ]
reprojection_error: 2.2734491825103760e+00
undistorted_camera_matrix: !!opencv-matrix
   rows: 3
   cols: 3
   dt: d
   data: [ 7.0905804443359375e+02, 0., 3.0755312630895605e+02, 0.,
       7.3194128417968750e+02, 2.4155524845583932e+02, 0., 0., 1. ]
undistorted_image_width: 640
undistorted_image_height: 480
undistorted_sensor_width: 0
undistorted_sensor_height: 0
