%YAML:1.0
vertex_0_x: -8.1070716857910156e+01
vertex_0_y: 9.9092979431152344e+01
vertex_0_z: 1.6659499511718750e+03
vertex_1_x: -1.1956967926025391e+02
vertex_1_y: 5.1012912750244141e+01
vertex_1_z: 1.6655500488281250e+03
vertex_2_x: -5.8498695373535156e+01
vertex_2_y: 4.1247322082519531e+01
vertex_2_z: 1.6605000000000000e+03
