%YAML:1.0
vertex_0_x: -3.6841205596923828e+01
vertex_0_y: 2.8424194335937500e+01
vertex_0_z: 1.6361842041015625e+03
vertex_1_x: -2.2057100296020508e+01
vertex_1_y: 4.3537345886230469e+01
vertex_1_z: 1.6369736328125000e+03
vertex_2_x: -4.2458080291748047e+01
vertex_2_y: 4.8464775085449219e+01
vertex_2_z: 1.6378157958984375e+03
