%YAML:1.0
vertex_0_x: -1.0578120422363281e+02
vertex_0_y: 6.8004524230957031e+01
vertex_0_z: 1.6664545898437500e+03
vertex_1_x: -8.0493377685546875e+01
vertex_1_y: 4.2428714752197266e+01
vertex_1_z: 1.6628182373046875e+03
vertex_2_x: -7.0711326599121094e+01
vertex_2_y: 7.7793693542480469e+01
vertex_2_z: 1665.
