%YAML:1.0
vertex_0_x: -5.7046649932861328e+01
vertex_0_y: 7.6787200927734375e+01
vertex_0_z: 1661.
vertex_1_x: -1.1299459838867188e+02
vertex_1_y: 8.0923431396484375e+01
vertex_1_z: 1.6642221679687500e+03
vertex_2_x: -8.7799652099609375e+01
vertex_2_y: 3.2051773071289062e+01
vertex_2_z: 1661.
