%YAML:1.0
vertex_0_x: -7.7700843811035156e+01
vertex_0_y: 1.1049400329589844e+02
vertex_0_z: 1.6432500000000000e+03
vertex_1_x: -1.2316484069824219e+02
vertex_1_y: 5.1568347930908203e+01
vertex_1_z: 1.6231999511718750e+03
vertex_2_x: -4.8764926910400391e+01
vertex_2_y: 3.8756095886230469e+01
vertex_2_z: 1.6208000488281250e+03
