%YAML:1.0
vertex_0_x: -8.3799720764160156e+01
vertex_0_y: 1.0725848388671875e+02
vertex_0_z: 1.7258000488281250e+03
vertex_1_x: -1.2895550537109375e+02
vertex_1_y: 5.1738563537597656e+01
vertex_1_z: 1.7215000000000000e+03
vertex_2_x: -5.6735351562500000e+01
vertex_2_y: 3.9930625915527344e+01
vertex_2_z: 1.7175999755859375e+03
