%YAML:1.0
vertex_0_x: -8.8719131469726562e+01
vertex_0_y: 3.8759651184082031e+01
vertex_0_z: 1.6116922607421875e+03
vertex_1_x: -5.5331077575683594e+01
vertex_1_y: 7.6012985229492188e+01
vertex_1_z: 1.6241153564453125e+03
vertex_2_x: -1.0462693786621094e+02
vertex_2_y: 8.5055778503417969e+01
vertex_2_z: 1.6265384521484375e+03
