%YAML:1.0
vertex_0_x: -8.0094955444335938e+01
vertex_0_y: 1.0226633453369141e+02
vertex_0_z: 1.6439499511718750e+03
vertex_1_x: -1.2277947998046875e+02
vertex_1_y: 4.9364856719970703e+01
vertex_1_z: 1.6412500000000000e+03
vertex_2_x: -5.4415855407714844e+01
vertex_2_y: 3.8090126037597656e+01
vertex_2_z: 1.6346500244140625e+03
