%YAML:1.0
vertex_0_x: -7.8824996948242188e+01
vertex_0_y: 1.0449971771240234e+02
vertex_0_z: 1.6376999511718750e+03
vertex_1_x: -1.1970036315917969e+02
vertex_1_y: 5.1510791778564453e+01
vertex_1_z: 1.6175999755859375e+03
vertex_2_x: -5.2189277648925781e+01
vertex_2_y: 4.0036254882812500e+01
vertex_2_z: 1.6188000488281250e+03
