%YAML:1.0
tags_homography_matrix_0: 1.0567647218704224e+00
tags_homography_matrix_1: 7.2515495121479034e-02
tags_homography_matrix_2: -2.0700000762939453e+01
tags_homography_matrix_3: -5.8814954012632370e-02
tags_homography_matrix_4: 8.8209480047225952e-01
tags_homography_matrix_5: 8.0400100708007812e+01
tags_homography_matrix_6: -1.1638858268270269e-04
tags_homography_matrix_7: 9.2825546744279563e-05
tags_homography_matrix_8: 1.
