%YAML:1.0
tags_homography_matrix_0: 1.0279588699340820e+00
tags_homography_matrix_1: 8.0659098923206329e-02
tags_homography_matrix_2: -1.7100000381469727e+01
tags_homography_matrix_3: -8.4201753139495850e-02
tags_homography_matrix_4: 8.5932886600494385e-01
tags_homography_matrix_5: 9.3300201416015625e+01
tags_homography_matrix_6: -1.3703813601750880e-04
tags_homography_matrix_7: 7.1970382123254240e-05
tags_homography_matrix_8: 1.
