%YAML:1.0
proj_width: 1024
proj_height: 768
proj_near: 200
proj_far: 6000
proj_cx: 531
proj_cy: 864
proj_fx: 1483
proj_fy: 1478
proj_frustum_left: -7.1628364562988281e+01
proj_frustum_right: 6.6433120727539062e+01
proj_frustum_bottom: -1.1697266387939453e+02
proj_frustum_top: -1.3096070289611816e+01
proj_loc_x: -9.0379020690917969e+01
proj_loc_y: 2.4767060852050781e+02
proj_loc_z: -3.6906698608398438e+02
proj_fwd_x: 4.7194626182317734e-02
proj_fwd_y: 1.6266706585884094e-01
proj_fwd_z: 9.8555165529251099e-01
proj_up_x: 1.4615122228860855e-02
proj_up_y: 9.8643302917480469e-01
proj_up_z: -1.6351240873336792e-01
proj_trg_x: -9.0331825256347656e+01
proj_trg_y: 2.4783328247070312e+02
proj_trg_z: -3.6808142089843750e+02
proj_left_x: 9.9877876043319702e-01
proj_left_y: -2.2120865061879158e-02
proj_left_z: -4.4176939874887466e-02
proj_projection_matrix_0: 2.8972597122192383e+00
proj_projection_matrix_1: 0.
proj_projection_matrix_2: 0.
proj_projection_matrix_3: 0.
proj_projection_matrix_4: 0.
proj_projection_matrix_5: 3.8507230281829834e+00
proj_projection_matrix_6: 0.
proj_projection_matrix_7: 0.
proj_projection_matrix_8: -3.7629924714565277e-02
proj_projection_matrix_9: -1.2521467208862305e+00
proj_projection_matrix_10: -1.0689655542373657e+00
proj_projection_matrix_11: -1.
proj_projection_matrix_12: 0.
proj_projection_matrix_13: 0.
proj_projection_matrix_14: -4.1379309082031250e+02
proj_projection_matrix_15: 0.
proj_modelview_matrix_0: 9.9877876043319702e-01
proj_modelview_matrix_1: -2.2120865061879158e-02
proj_modelview_matrix_2: -4.4176939874887466e-02
proj_modelview_matrix_3: 0.
proj_modelview_matrix_4: 1.4615122228860855e-02
proj_modelview_matrix_5: 9.8643302917480469e-01
proj_modelview_matrix_6: -1.6351240873336792e-01
proj_modelview_matrix_7: 0.
proj_modelview_matrix_8: 4.7194626182317734e-02
proj_modelview_matrix_9: 1.6266706585884094e-01
proj_modelview_matrix_10: 9.8555165529251099e-01
proj_modelview_matrix_11: 0.
proj_modelview_matrix_12: -9.0379020690917969e+01
proj_modelview_matrix_13: 2.4767060852050781e+02
proj_modelview_matrix_14: -3.6906698608398438e+02
proj_modelview_matrix_15: 1.
depth_cam_width: 640
depth_cam_height: 480
depth_cam_near: 200
depth_cam_far: 6000
depth_cam_cx: 300
depth_cam_cy: 260
depth_cam_fx: 536
depth_cam_fy: 542
depth_cam_frustum_left: -1.1184753417968750e+02
depth_cam_frustum_right: 1.2654378509521484e+02
depth_cam_frustum_bottom: -9.6059989929199219e+01
depth_cam_frustum_top: 8.0737556457519531e+01
depth_cam_loc_x: 0.
depth_cam_loc_y: 0.
depth_cam_loc_z: 0.
depth_cam_fwd_x: 0.
depth_cam_fwd_y: 0.
depth_cam_fwd_z: 1.
depth_cam_up_x: 0.
depth_cam_up_y: 1.
depth_cam_up_z: 0.
depth_cam_trg_x: 0.
depth_cam_trg_y: 0.
depth_cam_trg_z: 1.
depth_cam_left_x: 1.
depth_cam_left_y: 0.
depth_cam_left_z: 0.
depth_cam_projection_matrix_0: 1.6779134273529053e+00
depth_cam_projection_matrix_1: 0.
depth_cam_projection_matrix_2: 0.
depth_cam_projection_matrix_3: 0.
depth_cam_projection_matrix_4: 0.
depth_cam_projection_matrix_5: 2.2624747753143311e+00
depth_cam_projection_matrix_6: 0.
depth_cam_projection_matrix_7: 0.
depth_cam_projection_matrix_8: -6.1647593975067139e-02
depth_cam_projection_matrix_9: 8.6666584014892578e-02
depth_cam_projection_matrix_10: -1.0689655542373657e+00
depth_cam_projection_matrix_11: -1.
depth_cam_projection_matrix_12: 0.
depth_cam_projection_matrix_13: 0.
depth_cam_projection_matrix_14: -4.1379309082031250e+02
depth_cam_projection_matrix_15: 0.
depth_cam_modelview_matrix_0: 1.
depth_cam_modelview_matrix_1: 0.
depth_cam_modelview_matrix_2: 0.
depth_cam_modelview_matrix_3: 0.
depth_cam_modelview_matrix_4: 0.
depth_cam_modelview_matrix_5: 1.
depth_cam_modelview_matrix_6: 0.
depth_cam_modelview_matrix_7: 0.
depth_cam_modelview_matrix_8: 0.
depth_cam_modelview_matrix_9: 0.
depth_cam_modelview_matrix_10: 1.
depth_cam_modelview_matrix_11: 0.
depth_cam_modelview_matrix_12: 0.
depth_cam_modelview_matrix_13: 0.
depth_cam_modelview_matrix_14: 0.
depth_cam_modelview_matrix_15: 1.
depth_cam_xoff: 8.
depth_cam_far_clamp: 5000
tex_width: 1536.
tex_height: 1152.
