%YAML:1.0
proj_width: 1280
proj_height: 768
proj_near: 200
proj_far: 6000
proj_cx: 556
proj_cy: 329
proj_fx: 1127
proj_fy: 1130
proj_frustum_left: -1.0380016326904297e+02
proj_frustum_right: 1.3344311523437500e+02
proj_frustum_bottom: -8.0322654724121094e+01
proj_frustum_top: 6.0931415557861328e+01
proj_loc_x: 3.3678245544433594e+01
proj_loc_y: -1.2443669128417969e+02
proj_loc_z: -7.3385906219482422e+00
proj_fwd_x: 4.0416859090328217e-02
proj_fwd_y: 1.1778985708951950e-01
proj_fwd_z: 9.9221569299697876e-01
proj_up_x: 1.2343956157565117e-02
proj_up_y: 9.9288439750671387e-01
proj_up_z: -1.1837293952703476e-01
proj_trg_x: 3.3656696319580078e+01
proj_trg_y: -1.2429019927978516e+02
proj_trg_z: -6.3463749885559082e+00
proj_left_x: 9.9910217523574829e-01
proj_left_y: -1.7032122239470482e-02
proj_left_z: -3.8675595074892044e-02
proj_projection_matrix_0: 1.6860330104827881e+00
proj_projection_matrix_1: 0.
proj_projection_matrix_2: 0.
proj_projection_matrix_3: 0.
proj_projection_matrix_4: 0.
proj_projection_matrix_5: 2.8317766189575195e+00
proj_projection_matrix_6: 0.
proj_projection_matrix_7: 0.
proj_projection_matrix_8: 1.2494748830795288e-01
proj_projection_matrix_9: -1.3727915287017822e-01
proj_projection_matrix_10: -1.0689655542373657e+00
proj_projection_matrix_11: -1.
proj_projection_matrix_12: 0.
proj_projection_matrix_13: 0.
proj_projection_matrix_14: -4.1379309082031250e+02
proj_projection_matrix_15: 0.
proj_modelview_matrix_0: 9.9910217523574829e-01
proj_modelview_matrix_1: -1.7032122239470482e-02
proj_modelview_matrix_2: -3.8675595074892044e-02
proj_modelview_matrix_3: 0.
proj_modelview_matrix_4: 1.2343956157565117e-02
proj_modelview_matrix_5: 9.9288439750671387e-01
proj_modelview_matrix_6: -1.1837293952703476e-01
proj_modelview_matrix_7: 0.
proj_modelview_matrix_8: 4.0416859090328217e-02
proj_modelview_matrix_9: 1.1778985708951950e-01
proj_modelview_matrix_10: 9.9221569299697876e-01
proj_modelview_matrix_11: 0.
proj_modelview_matrix_12: 3.3678245544433594e+01
proj_modelview_matrix_13: -1.2443669128417969e+02
proj_modelview_matrix_14: -7.3385906219482422e+00
proj_modelview_matrix_15: 1.
depth_cam_width: 640
depth_cam_height: 480
depth_cam_near: 200
depth_cam_far: 6000
depth_cam_cx: 300
depth_cam_cy: 260
depth_cam_fx: 536
depth_cam_fy: 542
depth_cam_frustum_left: -1.1184753417968750e+02
depth_cam_frustum_right: 1.2654378509521484e+02
depth_cam_frustum_bottom: -8.0737556457519531e+01
depth_cam_frustum_top: 9.6059989929199219e+01
depth_cam_loc_x: 0.
depth_cam_loc_y: 0.
depth_cam_loc_z: 0.
depth_cam_fwd_x: 0.
depth_cam_fwd_y: 0.
depth_cam_fwd_z: 1.
depth_cam_up_x: 0.
depth_cam_up_y: 1.
depth_cam_up_z: 0.
depth_cam_trg_x: 0.
depth_cam_trg_y: 0.
depth_cam_trg_z: 1.
depth_cam_left_x: 1.
depth_cam_left_y: 0.
depth_cam_left_z: 0.
depth_cam_projection_matrix_0: 1.6779134273529053e+00
depth_cam_projection_matrix_1: 0.
depth_cam_projection_matrix_2: 0.
depth_cam_projection_matrix_3: 0.
depth_cam_projection_matrix_4: 0.
depth_cam_projection_matrix_5: 2.2624747753143311e+00
depth_cam_projection_matrix_6: 0.
depth_cam_projection_matrix_7: 0.
depth_cam_projection_matrix_8: -6.1647593975067139e-02
depth_cam_projection_matrix_9: 8.6666584014892578e-02
depth_cam_projection_matrix_10: -1.0689655542373657e+00
depth_cam_projection_matrix_11: -1.
depth_cam_projection_matrix_12: 0.
depth_cam_projection_matrix_13: 0.
depth_cam_projection_matrix_14: -4.1379309082031250e+02
depth_cam_projection_matrix_15: 0.
depth_cam_modelview_matrix_0: 1.
depth_cam_modelview_matrix_1: 0.
depth_cam_modelview_matrix_2: 0.
depth_cam_modelview_matrix_3: 0.
depth_cam_modelview_matrix_4: 0.
depth_cam_modelview_matrix_5: 1.
depth_cam_modelview_matrix_6: 0.
depth_cam_modelview_matrix_7: 0.
depth_cam_modelview_matrix_8: 0.
depth_cam_modelview_matrix_9: 0.
depth_cam_modelview_matrix_10: 1.
depth_cam_modelview_matrix_11: 0.
depth_cam_modelview_matrix_12: 0.
depth_cam_modelview_matrix_13: 0.
depth_cam_modelview_matrix_14: 0.
depth_cam_modelview_matrix_15: 1.
depth_cam_xoff: 8.
depth_cam_far_clamp: 5000
tex_width: 1536.
tex_height: 1152.
