%YAML:1.0
proj_intrinsics: !!opencv-matrix
   rows: 3
   cols: 3
   dt: d
   data: [ 1.5845845826234752e+03, 0., 5.5021145669865894e+02, 0.,
       2.1189609395620146e+03, 4.0485713404451434e+02, 0., 0., 1. ]
proj_distortion: !!opencv-matrix
   rows: 1
   cols: 5
   dt: d
   data: [ 0., 0., 0., 0., 0. ]
R: !!opencv-matrix
   rows: 3
   cols: 3
   dt: d
   data: [ 9.9801800230991733e-01, -3.7977167605918578e-02,
       5.0177702278542041e-02, 3.9739668517716313e-02,
       9.9861058977826844e-01, -3.4607061834269724e-02,
       -4.8793706678464811e-02, 3.6532515973183535e-02,
       9.9814054594793677e-01 ]
T: !!opencv-matrix
   rows: 3
   cols: 1
   dt: d
   data: [ -5.1959445252046793e-03, -6.4918092869310592e-02,
       3.9743052008459495e-01 ]
proj_size: !!opencv-matrix
   rows: 1
   cols: 2
   dt: i
   data: [ 1024, 768 ]
