%YAML:1.0
proj_intrinsics: !!opencv-matrix
   rows: 3
   cols: 3
   dt: d
   data: [ 1.3261162958453494e+03, 0., 4.8263247713093352e+02, 0.,
       1.3266470108358865e+03, 8.1796710490242288e+02, 0., 0., 1. ]
proj_distortion: !!opencv-matrix
   rows: 1
   cols: 5
   dt: d
   data: [ 0., 0., 0., 0., 0. ]
R: !!opencv-matrix
   rows: 3
   cols: 3
   dt: d
   data: [ 9.9952106178006850e-01, -2.3187556026974115e-02,
       2.0493518573948141e-02, 1.7766060940949457e-02,
       9.7219425102471457e-01, 2.3350097505821443e-01,
       -2.5337997882376024e-02, -2.3302505341698851e-01,
       9.7214058157414796e-01 ]
T: !!opencv-matrix
   rows: 3
   cols: 1
   dt: d
   data: [ -3.0769571394802634e-02, 8.7631991331614700e-02,
       7.3355807393206365e-02 ]
proj_size: !!opencv-matrix
   rows: 1
   cols: 2
   dt: i
   data: [ 1024, 768 ]
